	Negative_factor_1	Positive_factor_1	Excitability.Hostility_factor	Depression.Anxiety_factor_1	Disorganized.cognitive_factor_1	Negative_factor_2	Positive_factor_2	Depression.Anxiety_factor_2	Disorganized.cognitive_factor_2	Negative_factor_3	Positive_factor_2.1	Depression.Anxiety_factor_3	Disorganized.cognitive_factor_3	Positive_factor_4	Delusions	Hallucinatory_behavior	Suspiciousness_and_persecution	Difficulty_in_abstract_thinking	Anxiety	Depression	Poor_impulse_control	Preoccupation	Positive_scale	Negative_scale	General_psychopathology_scale	Composite_scale	Totle
motu linkage group 113	0	0	0	0	0	0	0	0	0	0	0	0	0	0	0	0	0	0	0	0	0	0	0	0	0	0	0
motu linkage group 310	0.086720517	-0.01639135	-0.168752291	-0.107038003	0.092986029	0.086142098	-0.065806071	-0.098029955	0.059340072	0.089741964	-0.056140324	-0.092904136	0.115897007	-0.042042788	-0.047231599	0.030740313	-0.113451841	0.014342577	-0.101993608	0.001214293	-0.130381876	-0.02248732	-0.059499767	0.113736696	-0.051235874	-0.123965401	-0.000771147
Akkermansia muciniphila	0.066800305	0.080071642	-0.038482241	-0.021909836	0.021726232	0.022844261	0.03562597	-0.038061185	0.110860837	0.023864387	0.030104446	-0.01407721	0.073141938	0.055649213	-0.010053032	0.084407257	-0.051465192	0.00667408	-0.12233198	0.032426224	-0.079731583	0.173097191	0.00303588	0.01400581	0.096056696	-0.020801284	0.062797072
motu linkage group 273	0.025508831	0.044252251	0.122082797	0.051269565	0.144857308	0.027752697	0.047234668	0.052568379	0.131619942	0.016455382	0.03237631	0.04143602	0.108308371	0.042474864	-0.095834984	0.065859516	0.014770309	0.116550549	0.002809749	0.090971857	0.136887378	-0.096443947	0.070805521	0.077816218	0.090119612	-0.038777393	0.095419951
motu linkage group 348	0.002235794	-0.176025456	-0.05123974	-0.010322863	0.001945507	0.052446792	-0.206367456	0.013531235	-0.050799499	0.075417874	-0.161624932	0.024635021	-0.061054549	-0.188790226	-0.183013337	-0.09174738	-0.137197679	-0.030142792	0.022686012	0.075161481	-0.04511157	-0.281495067	-0.110816869	0.059806711	-0.084927287	-0.155347574	-0.073632978
motu linkage group 63	0.02144819	0.023660092	-0.010124021	0.029788982	-0.026219851	0.04680661	0.008707212	0.01465411	-0.018753412	0.020703621	0.016511508	0.027447872	0.057596636	0.01282435	0.138668315	0.058131521	-0.033458996	0.035940044	0.135504935	0.003374084	0.064525611	-0.064425584	0.031114452	0.021777315	-0.002876083	0.002614958	0.018180827
Eubacterium siraeum	0.051416643	0.152988527	0.105926868	0.033381387	0.179266912	0.041177499	0.061830289	0.061482215	0.142271318	0.091681862	0.055308301	0.065234317	0.16431137	0.122842353	0.021000492	0.087662723	-0.019710542	0.077576043	0.047716466	0.007835102	0.056400241	-0.151725165	0.154620737	0.10082216	0.098147459	0.006679535	0.118841045
Clostridium perfringens	0	0	0	0	0	0	0	0	0	0	0	0	0	0	0	0	0	0	0	0	0	0	0	0	0	0	0
motu linkage group 192	0	0	0	0	0	0	0	0	0	0	0	0	0	0	0	0	0	0	0	0	0	0	0	0	0	0	0
Acidaminococcus intestini	0	0	0	0	0	0	0	0	0	0	0	0	0	0	0	0	0	0	0	0	0	0	0	0	0	0	0
Lactobacillus acidophilus	0	0	0	0	0	0	0	0	0	0	0	0	0	0	0	0	0	0	0	0	0	0	0	0	0	0	0
Lactobacillus fermentum	0.079534528	-0.019880933	-0.011753009	0.097248326	0.100262037	0.086587476	-0.052379013	0.159903837	0.065334596	0.102398241	-0.042797345	0.140544434	0.038706044	-0.041672632	0.028846074	-0.070037031	-0.013293357	-0.026028754	0.083786384	0.202487774	-0.072009768	-0.005890814	0.049436614	0.060353255	0.072088893	-0.027603308	0.065063035
Pseudoflavonifractor capillosus	-0.010285597	0.116210732	0.071168923	0.090248313	0.035183361	-0.023533463	0.148480007	0.085738587	0.041904681	-0.072138976	0.122058063	0.086347822	0.061443717	0.13839239	0.056572424	0.095054209	0.074958932	-0.014541639	0.105926993	0.004991133	0.001620291	0.074490079	0.117633434	-0.028106583	0.079062089	0.127650329	0.07571968
motu linkage group 49	0	0	0	0	0	0	0	0	0	0	0	0	0	0	0	0	0	0	0	0	0	0	0	0	0	0	0
Enterococcus faecium	-0.169957293	-0.034335537	0.017688376	0.073607474	-0.083234947	-0.164567365	-0.031589775	0.098060125	-0.096306465	-0.169716809	-0.020289987	0.094103964	-0.112898181	-0.007269806	0.064356168	0.005272531	-0.013933378	-0.068139564	0.143886462	0.10883522	-0.001625687	-0.156832749	0.037308878	-0.182480211	-0.070574703	0.135190759	-0.071236867
Streptococcus vestibularis	0.06112583	0.118775982	-0.021392306	-0.053710912	-0.006546397	0.037186265	0.085061063	-0.039677004	0.036086118	0.027010401	0.087130672	-0.081578126	-0.002617086	0.149848825	0.127695909	0.088790855	-0.041144372	-0.026398781	-0.031326451	-0.064330154	0.006444129	0.184751724	0.056564838	0.02389754	0.078022778	0.015042476	0.042643173
motu linkage group 14	0	0	0	0	0	0	0	0	0	0	0	0	0	0	0	0	0	0	0	0	0	0	0	0	0	0	0
Bacteroides plebeius	0.012693721	-0.021178449	0.017584114	0.080227923	0.041619877	0.021694431	-0.012548834	0.089817755	0.025380448	0.025691101	-0.079355232	0.069266648	0.028879077	0.019967652	-0.06176085	-0.002765818	-0.158423669	-0.026162667	0.103817535	0.048528059	0.065528308	-0.045782166	0.016891423	0.041255646	0.008374614	-0.043655132	0.019411024
Veillonella parvula	-0.020879	0.002072582	0.034657024	0.026447254	0.098780893	-0.038611916	0.010660975	0.024603755	0.051799184	-0.043130408	-0.003149374	0.038410054	0.032818777	0.011321669	0.079271659	-0.055883357	-0.032973177	0.110539061	-0.021614706	0.012695808	-0.02708408	0.066607955	0.019748842	-0.020685409	0.060293771	0.055405269	0.008958422
motu linkage group 254	-0.036690741	-0.030272026	-0.13805417	0.031464845	-0.025446256	-0.031105739	-0.027068621	-0.00085224	0.000829503	-0.046089647	0.02815732	-0.00833262	0.089726185	-0.010348341	0.00219942	0.125585214	-0.031980059	0.074032367	-0.02170214	0.049449145	-0.093190046	-0.133379462	-0.002208234	-0.025269052	-0.087859478	0.003011149	-0.060631085
motu linkage group 624	-0.011086013	0.057568239	0.051351378	0.041435579	0.059809204	-0.001592164	0.044998824	0.053401024	0.009062545	-0.045752477	0.017468584	0.002769861	0.119000205	0.04152065	0.014841597	0.056649626	0.024956477	0.004679788	-0.002425593	0.060050164	0.028337108	-0.143089102	0.09233342	-0.036274054	0.020316492	0.065971144	0.057661716
motu linkage group 240	0	0	0	0	0	0	0	0	0	0	0	0	0	0	0	0	0	0	0	0	0	0	0	0	0	0	0
Lactobacillus johnsonii	0	0	0	0	0	0	0	0	0	0	0	0	0	0	0	0	0	0	0	0	0	0	0	0	0	0	0
motu linkage group 316	0.063468603	0.054859837	0.102401606	0.012503053	0.098350154	0.058957806	0.051988027	0.00816525	0.084857862	0.048584162	-0.011631874	-0.031969222	0.108362774	0.002852522	-0.097302472	-0.066379642	0.046595197	0.131938609	0.042576854	-0.000893154	-0.01507731	0.020657807	0.072684304	0.083529949	0.087045226	-0.05786843	0.103609493
Bacteroides intestinalis	0.029048951	0.099267365	0.067165919	0.001192192	0.037006029	0.054319254	0.075309878	0.036166009	-0.013787117	0.050934368	0.080152672	0.042676656	-0.040926264	0.078037534	0.068001594	0.018355372	0.087889629	-0.075966581	-0.005338905	0.021802024	0.009289451	-0.090715677	0.083167214	0.032636075	0.046750713	0.036011405	0.063170361
motu linkage group 33	0	0	0	0	0	0	0	0	0	0	0	0	0	0	0	0	0	0	0	0	0	0	0	0	0	0	0
Bifidobacterium longum	-0.058898864	0.074762476	0.013963855	0.090126173	-0.012459454	-0.096731638	0.082719866	0.09666603	0.046402638	-0.128455507	0.075219455	0.07193075	0.025169838	0.082723128	-0.025636579	0.157098486	0.110981287	-0.085239656	0.152810079	0.091994909	-0.031894309	0.054715271	0.124382294	-0.093716529	0.063697819	0.152285343	0.039578322
Alkaliphilus oremlandii	-0.035642477	-0.027745459	-0.006762604	-0.006094983	-0.05692126	-0.037940396	-0.06979451	0.047855352	-0.075513854	-0.030810078	-0.025260638	0.029701926	-0.072570256	0.01320647	0.087013354	0.056342245	-0.070742005	-0.114614493	0.068236761	0.029094603	-0.005188151	-0.158306399	0.03311303	-0.037856538	-0.06776436	0.037380009	-0.030187403
motu linkage group 481	0	0	0	0	0	0	0	0	0	0	0	0	0	0	0	0	0	0	0	0	0	0	0	0	0	0	0
Anaerotruncus colihominis	0.017019677	0.051028063	0.052007408	-0.010951079	-0.069280232	0.004930133	0.040448504	0.012869351	-0.048647545	-0.032082241	0.083707123	-0.017254646	-0.012343008	0.099004721	0.133733168	0.142678942	0.049094066	-0.06265208	0.03479288	-0.065627734	0.026027231	0.001268799	0.062232383	-0.04832426	0.038928258	0.091132713	0.05499704
Butyrivibrio crossotus	0	0	0	0	0	0	0	0	0	0	0	0	0	0	0	0	0	0	0	0	0	0	0	0	0	0	0
motu linkage group 161	0	0	0	0	0	0	0	0	0	0	0	0	0	0	0	0	0	0	0	0	0	0	0	0	0	0	0
motu linkage group 565	0	0	0	0	0	0	0	0	0	0	0	0	0	0	0	0	0	0	0	0	0	0	0	0	0	0	0
Lactobacillus crispatus	0	0	0	0	0	0	0	0	0	0	0	0	0	0	0	0	0	0	0	0	0	0	0	0	0	0	0
Bifidobacterium bifidum	0.036886497	0.056973371	-0.091995248	-0.018366582	0.052110895	0.026449084	0.028180851	0.010130244	0.094765393	0.013587543	0.101623602	-0.02163087	0.112937788	0.073416168	0.051353604	0.127944357	0.032884654	0.058005068	0.063556571	0.041348356	-0.07217487	0.01133302	0.039099203	0.031015787	0.01138701	0.01084617	0.014812556
Leuconostoc gelidum	0	0	0	0	0	0	0	0	0	0	0	0	0	0	0	0	0	0	0	0	0	0	0	0	0	0	0
Clostridiales bacterium 1 7 47FAA	0.063017566	0.07849148	0.127982337	0.132091282	0.083161717	0.05868963	0.089309545	0.155630472	0.057390039	0.040285595	0.051172382	0.122927356	0.065765708	0.091617691	-0.056786155	0.074971942	-0.022792301	0.018849803	0.154989127	-0.018588497	0.045037656	0.04931347	0.068204878	0.06127461	0.170429402	0.004251622	0.156245395
Bacteroides finegoldii	-0.028083543	0.02822598	0.058310541	-0.085057543	0.065698686	-0.016288467	0.008989196	-0.068639408	-0.004090298	0.001893909	0.017596115	-0.067724897	0.023672042	0.032271693	-0.046480233	0.002941869	-0.01561925	-0.008677541	-0.060486012	0.062067038	0.034541259	-0.16360769	0.058799776	0.010293228	-0.046157957	0.010258647	-0.019574028
Lachnospiraceae bacterium 3 1 57FAA CT1	0.017325672	0.122299786	0.106705702	-0.066971888	0.046280338	-0.001215215	0.046742059	-0.049327888	0.115554039	-0.015744492	0.083279082	-0.082026702	0.149695761	0.104126072	0.08646129	0.041262374	0.024650322	-0.077687475	0	-0.085523721	-0.001380526	-0.042089987	0.149476462	-0.036780063	0.051151369	0.116414586	0.092021278
Clostridium bolteae	-0.047325886	0.001081044	-0.02547192	0.102080716	-0.125509272	-0.034602418	0.020072718	0.114661281	-0.123006893	-0.065738279	0.03148489	0.066875389	-0.142837336	0.032410477	0.028387842	0.062397964	-0.026620387	-0.112928984	0.079381809	0.087032518	-0.041766355	0.001478392	-0.044456298	-0.079841234	0.037899816	0.07231465	-0.009612301
Bifidobacterium adolescentis	-0.098688255	0.004345901	-0.077981735	0.034969904	0.004780667	-0.089242056	0.02540138	0.039319582	-0.031849351	-0.093018435	0.02045875	0.025089586	-0.031853185	-0.00545595	0.063919936	0.041842288	0.003960956	0.0417134	0.052298419	0.042951924	-0.062165453	-0.102643951	-0.013333386	-0.078328816	-0.050850549	0.065097099	-0.080062989
Streptococcus gallolyticus	0.020140373	0.190279715	-0.024617356	0.001878584	-0.04053152	-0.008835405	0.177679888	0.009118113	0.011463353	-0.015042884	0.205807957	0.005379783	-0.01031826	0.158594461	0.248342346	0.115294184	0.174743243	-0.01988296	0.018507991	-0.118951789	-0.043913263	0.11878467	0.096718484	-0.027549615	0.074307521	0.091157435	0.074177772
motu linkage group 411	0.001830943	-0.02944367	0.01566559	0.026675899	0.094828463	0.036446046	-0.038047876	0.064966552	-0.032541132	0.084386909	-0.038775412	0.068400097	-0.019490047	-0.04226692	-0.024372007	-0.039096298	-0.017922384	-0.001217324	0.076555782	0.083309195	0.051441251	-0.15985598	0.003691545	0.080077547	-0.017204204	-0.091157435	-0.007999564
Clostridium symbiosum	-0.119479847	0.039480274	0.03734328	0.059447139	-0.072805401	-0.118471719	0.052503383	0.051621933	-0.095861661	-0.151525661	0.024996622	0.041564164	-0.094627951	0.072556923	0.073999109	0.014978069	-0.030221649	-0.019224621	0.06129022	0.009212965	0.010467944	-0.051831985	0.007589846	-0.147433975	0.029776599	0.169519427	-0.021127784
Clostridium ramosum	-0.078533392	-0.072068078	-0.095168447	0.050002231	-0.087838585	-0.080512616	-0.084857747	0.05217203	-0.091843117	-0.092681386	-0.081224158	0.020521366	-0.056366486	-0.089095853	-0.024577709	-0.026377472	-0.045577032	-0.086335157	0.030664372	0.042225831	-0.115217588	-0.098984088	-0.087618382	-0.118322374	-0.031649432	0.055859142	-0.069043158
Methanobrevibacter smithii	-0.010551787	-0.112416225	-0.070075508	-0.009094131	0.004407255	0.007213488	-0.122195796	0.009195899	-0.046457695	0.041866207	-0.103137239	0.034547171	-0.05241684	-0.145720292	-0.073134352	-0.153121074	-0.003286414	-0.068751703	-0.060118684	0.07226454	-0.03181497	-0.233910701	-0.077864671	0.025403099	-0.071724384	-0.080172887	-0.05113104
Veillonella atypica	0.038690665	-0.037243791	-0.064387043	-0.069610234	0.048651492	0.04054058	-0.077784426	-0.043816575	0.044848778	0.061424663	-0.040503165	-0.044604054	0.032700437	-0.033676004	0.011255864	-0.058477501	-0.09365147	0.04347709	-0.021908754	-0.030993881	-0.053523916	0.053629584	-0.044772239	0.053570212	-0.007081465	-0.075726968	-0.023267788
Lactococcus lactis	0.00922157	0.095891678	-0.013728016	0.045851966	-0.011480886	0.001069703	0.111628343	0.083530726	-0.008237672	-0.00888411	0.141197345	0.038707644	-0.057742288	0.106873704	0.114772831	0.132534934	0.093501404	-0.069564058	0.046852324	-0.010814122	-0.021873932	0.05655006	0.067934202	-0.004980913	0.07161678	0.028012156	0.055292975
Bifidobacterium dentium	-0.024276661	0.066718173	-0.092728421	0.038919287	0.135461937	-0.016779231	0.040177845	0.062574153	0.086952083	-0.04522706	0.09809818	0.009553271	0.138552668	0.064705735	0.110996076	0.071079138	0.06160275	0.152579337	0.044443774	-0.019127747	-0.115237066	0.001668409	0.029444424	-0.012176105	0.014408689	0.013652098	0.03013268
motu linkage group 230	-0.027398737	-0.204912886	-0.154723269	-0.123195202	-0.113176462	0.005671005	-0.23289739	-0.091549216	-0.18431683	0.068226132	-0.132097853	-0.075684431	-0.140024406	-0.169976552	-0.091547248	-0.077257212	-0.152383808	-0.057595886	-0.075904454	-0.001890027	-0.092955391	-0.179879312	-0.161662043	0.049309535	-0.226757642	-0.139778066	-0.182442186
Dorea formicigenerans	-0.062296325	0.195535085	0.139129438	-0.034316248	0.048520603	-0.106776659	0.174361115	-0.050328627	0.115503667	-0.112811561	0.14661215	-0.048225528	0.105246478	0.13456733	0.071778959	0.119047725	0.160457241	-0.019803902	0.058654911	-0.061078611	0.117802782	0.064851217	0.17887958	-0.088613143	0.067376498	0.159018836	0.061858761
motu linkage group 452	-0.024642081	0.068253416	0.122580352	-0.001175966	0.137631854	-0.061069615	0.052317366	0.007432036	0.115161459	-0.040192903	-0.016920967	-0.018341745	0.145329262	0.064097394	-0.086804317	0.015920395	-0.092430477	0.074297621	0.029622603	0.008736524	0.089993926	-0.045370647	0.132007463	0.00229942	0.02434612	0.042396359	0.054628458
Dialister invisus	0.033582616	0.033489249	-0.031266774	-0.104176898	0.094242154	0.036135621	0.030965549	-0.087105067	0.015631539	0.000788621	0.02911718	-0.103520007	0.081320283	0.025727236	-0.021676818	0.03515721	0.030934899	0.14216528	-0.00482199	-0.050150879	-0.023671906	-0.014136249	0.007670186	0.020264912	-0.034356409	0.013639418	-0.009899812
motu linkage group 190	0.006057851	-0.022904642	0.029382717	-0.057715147	0.120487361	0.034800937	-0.034046583	-0.036513041	0.044569308	0.06474254	-0.053455075	-0.052672076	-0.002107343	-0.005009167	-0.102617035	-0.12602259	-0.03080412	-0.000319653	-0.0785325	0.031460718	0.041182328	-0.07866554	-0.009305777	0.089703716	0.00230686	-0.11997218	0.013176374
motu linkage group 573	0.148247241	0.013933125	0.134863317	0.08708282	0.18050064	0.157570711	0.039384269	0.05929193	0.125990872	0.183117677	-0.082383384	0.059376859	0.111014844	-0.027453408	-0.130508819	-0.054554846	-0.1246203	0.162705718	0.051021916	0.039149275	0.171573984	0.117281696	0.039358431	0.226468429	0.124999855	-0.177624513	0.135126088
motu linkage group 226	0	0	0	0	0	0	0	0	0	0	0	0	0	0	0	0	0	0	0	0	0	0	0	0	0	0	0
motu linkage group 379	-0.007508124	0.010928985	-0.193035491	-0.164429592	-0.078940248	-0.000520564	-0.010969102	-0.174327946	-0.054641785	0	0.053511575	-0.197786526	0.036475821	-0.000793363	0.035354025	0.050206294	-0.015839242	0.080041969	-0.103196434	-0.218297473	-0.165290093	0.059214808	-0.111707045	-0.004155305	-0.107919865	-0.061343663	-0.049359807
Megasphaera micronuciformis	0.071292608	-0.040590238	-0.12634485	0.019872484	-0.121777495	0.092801889	-0.059861729	0.04703054	-0.07740277	0.096204799	0.000839164	0.046271552	-0.110097191	-0.039567953	0.089848426	0.023794632	-0.024753148	-0.015069279	-0.021774992	0.031895449	-0.16519888	0.04803279	-0.103443	0.033897034	0.016477461	-0.033783153	-0.011457641
Streptococcus sanguinis	0	0	0	0	0	0	0	0	0	0	0	0	0	0	0	0	0	0	0	0	0	0	0	0	0	0	0
Citrobacter sp. 30 2	-0.082316245	0.175323854	0.040560494	0.036283456	0.040029273	-0.094705553	0.174168771	0.038539376	0.020106003	-0.104509392	0.165505096	-0.019646185	0.033183901	0.206714161	0.206650701	0.154752764	0.023799978	0.027660829	0.088069853	-0.018121557	0.041066977	0.054243465	0.167463805	-0.077802891	0.059708168	0.132206777	0.043082156
motu linkage group 600	0.080824825	0.043888578	0.067131667	-0.148602345	0.037950326	0.048262762	-0.0002736	-0.176716474	0.075319315	0.082612261	-0.057439427	-0.149423774	0.09425635	-0.018007739	-0.11858014	-0.0573238	-0.050684605	0.024344096	-0.091596235	-0.079834133	0.122046776	0.136592716	0.003281052	0.086517721	0.000813358	-0.086227055	0.024508046
Lactobacillus oris	0	0	0	0	0	0	0	0	0	0	0	0	0	0	0	0	0	0	0	0	0	0	0	0	0	0	0
motu linkage group 552	0.025518778	0.065286343	0.05566128	-0.088069354	0.049525025	0.015289282	0.043944017	-0.083438821	0.043729964	0.029958847	0.024407646	-0.131459762	0.074514763	0.026856053	0.000887369	-0.010952015	0.028385605	0.086831717	-0.07343078	-0.050178671	0.050929846	0.0059522	0.076136983	0.06283193	-0.019067261	-0.03839714	0.034553914
motu linkage group 389	0	0	0	0	0	0	0	0	0	0	0	0	0	0	0	0	0	0	0	0	0	0	0	0	0	0	0
Clostridium scindens	0	0	0	0	0	0	0	0	0	0	0	0	0	0	0	0	0	0	0	0	0	0	0	0	0	0	0
Coprobacillus sp. 29 1	-0.094719655	0.084708627	0.055130853	-0.039667052	-0.03794758	-0.104164376	0.029249851	0.008022189	0.017958788	-0.134414437	0.046055144	-0.013388128	0.082711474	0.029222884	0.03371678	-0.009266195	0.156105758	-0.046696104	0.117241059	-0.01994863	-0.077270488	-0.157292966	0.10834832	-0.141164291	-0.000772922	0.174316497	0.002303372
Bifidobacterium catenulatum-Bifidobacterium pseudocatenulatum complex	-0.045968489	0.120481613	-0.001810808	-0.005993291	0.009546988	-0.081703757	0.117849529	-0.001053976	0.02359471	-0.094660111	0.104984683	-0.041042543	0.028094764	0.125039153	0.096464633	0.151070277	0.083902784	-0.056003459	0.009918873	0.016976294	0.009571878	0.102210683	0.127757251	-0.074644655	0.024879385	0.131776185	0.01815737
Lactobacillus ruminis	0.125098104	0.073402544	-0.065846407	0.09357592	0.090855088	0.119441986	0.054989614	0.104049137	0.143970338	0.08367737	0.053723328	0.048036448	0.177596555	0.01320647	0.047316017	0.074234715	0.071519389	0.157207717	0.160557085	0.043846796	-0.099373053	0.035734211	0.052839941	0.091486634	0.110728361	-0.048559077	0.122137537
Bifidobacterium angulatum	-0.185148462	0.056537655	-0.036806804	0.005351157	-0.043178634	-0.183139902	0.081171924	0.016233116	-0.066209689	-0.217607918	0.054998391	0.010555028	-0.057539133	0.061264223	0.137650586	0.056007674	0.03107873	-0.029309081	-0.031666293	0.070772595	-0.051481439	0.015566138	0.014646427	-0.197309086	-0.044314167	0.157540424	-0.091369125
Streptococcus anginosus	0.163169067	0.121312584	0.089171122	0.061920525	0.154431692	0.149433172	0.096203762	0.05449689	0.208033853	0.106377799	0.069411762	0.03713806	0.215771747	0.13280257	0.058565622	0.156659147	-0.086191677	0.160993541	0.093287187	-0.003494943	0.003829198	0.128215819	0.117922514	0.133034157	0.195876065	-0.040223087	0.171640786
Bacteroides dorei/vulgatus	0.010154977	-0.036488171	0.158774208	0.097940581	-0.003446232	0.038029061	0.000256099	0.0819159	-0.061784728	0.048584162	-0.032310762	0.083119977	-0.097764948	-0.001815241	0.008157093	-0.090165681	0.005930298	0.060483584	0.025079517	0.097353836	0.102061789	0.019541168	0.011260948	0.032597053	0.069788447	-0.025380891	0.064283262
Veillonella dispar	-0.002865358	-0.005759782	-0.061290176	-0.004703865	-0.001196799	-0.000576128	-0.01907705	0.017242324	-0.004918957	-0.000574184	0.006710039	0.031271172	-0.0361828	0.031024309	0.060499978	-0.033401613	-0.058008093	0.024448362	0.032914003	-0.031585893	-0.169843083	0.152495785	-0.025708237	-0.017820507	0.02491897	0.016328328	-0.01764044
motu linkage group 414	0.042498661	0.15371495	0.084297757	0.017212296	0.112402143	0.021362676	0.130587323	0.031038757	0.112654804	0.002801393	0.153724708	0.006454851	0.158733442	0.154791917	0.043313562	0.233327088	0.073397613	-0.013322332	0.060700916	-0.064920706	0.006386505	-0.084239499	0.200121324	0.044594184	0.031861661	0.05646391	0.123546504
Cronobacter sakazakii/turicensis	-0.075864223	-0.0276361	0.016197031	0.059823263	-0.020409659	-0.075935836	-0.040770847	0.109643048	-0.065569635	-0.080658516	-0.045535862	0.098730597	-0.09645919	-0.006767821	0.029271888	0.009383819	-0.028374651	-0.155649423	0.125959611	0.089742858	0.010215671	-0.139519163	0.042079972	-0.070450947	-0.049342336	0.05994708	-0.025987674
Streptococcus salivarius	0.082721349	0.057223522	-0.003900825	-0.056058603	-0.053852538	0.071355556	0.032708806	-0.042646889	0.013148855	0.073417047	0.055369482	-0.069927016	-0.070075503	0.087625238	0.08496285	0.064530543	-0.0232876	-0.112882241	-0.030207279	-0.059880991	-0.037906836	0.18472771	0.037834961	0.028684023	0.074012062	0.018633026	0.038534966
motu linkage group 70	0.091261974	-0.060636032	0.0520768	0.048785469	-0.039773162	0.085323788	-0.074010257	0.057288082	0.055759716	0.067875015	-0.047891421	0.049359569	0.039217225	-0.092175114	-0.075976605	-0.006405517	-0.019904806	-0.056654155	0.07722878	0.073447009	0.020145234	0.05228392	0.007473482	0.051542698	0.062095457	-0.033224077	0.037060672
motu linkage group 566	0	0	0	0	0	0	0	0	0	0	0	0	0	0	0	0	0	0	0	0	0	0	0	0	0	0	0
motu linkage group 625	0	0	0	0	0	0	0	0	0	0	0	0	0	0	0	0	0	0	0	0	0	0	0	0	0	0	0
motu linkage group 696	0.073876514	0.119534455	0.035093568	-0.011556767	0.150823921	0.067276486	0.07586051	-0.007217881	0.137160971	0.065389825	0.046885073	-0.036850152	0.164222636	0.073769249	-0.028891733	0.051611004	0.027269145	0.083331177	-0.106551936	0.021367347	0.054861935	-0.084512913	0.114551034	0.091054526	0.070205203	-0.045705508	0.094410919
motu linkage group 42	0	0	0	0	0	0	0	0	0	0	0	0	0	0	0	0	0	0	0	0	0	0	0	0	0	0	0
motu linkage group 233	0	0	0	0	0	0	0	0	0	0	0	0	0	0	0	0	0	0	0	0	0	0	0	0	0	0	0
Streptococcus mutans	0	0	0	0	0	0	0	0	0	0	0	0	0	0	0	0	0	0	0	0	0	0	0	0	0	0	0
Paraprevotella xylaniphila	0	0	0	0	0	0	0	0	0	0	0	0	0	0	0	0	0	0	0	0	0	0	0	0	0	0	0
motu linkage group 24	0	0	0	0	0	0	0	0	0	0	0	0	0	0	0	0	0	0	0	0	0	0	0	0	0	0	0
motu linkage group 270	0.075810947	-0.067429603	-0.156829884	0.040612656	0.087217782	0.088018587	-0.081889312	0.06542899	0.079265555	0.064530812	-0.089825055	0.068289999	0.110623767	-0.078122416	-0.166289836	0.044950376	-0.099999206	0.100361554	0.03390845	0.163645173	-0.085433841	-0.035410191	-0.059516792	0.090179479	-0.020789645	-0.136826927	-0.008327263
motu linkage group 288	0.02066383	0.120198471	0.105764405	-0.064664594	0.100333502	-0.007011243	0.072175361	-0.035641941	0.122592484	-0.027691535	0.060750669	-0.059360402	0.154998162	0.089177411	-0.016598442	0.091455309	0.020112087	0.0443642	-0.104736321	-0.044527114	0.111805102	-0.021585791	0.144256023	0.011141373	0.032791135	0.053712094	0.066172772
Stenotrophomonas maltophilia	0	0	0	0	0	0	0	0	0	0	0	0	0	0	0	0	0	0	0	0	0	0	0	0	0	0	0
motu linkage group 490	-0.050077702	0.085951041	0.089983084	-0.043739495	0.0474641	-0.066093712	0.065282788	-0.030906986	0.057830881	-0.072303367	0.043143163	-0.087853541	0.004020119	0.073973509	-0.043319715	0.023781182	0.00314225	-0.002845705	0.024484411	-0.095467473	0.089163057	0.087822081	0.058767741	-0.039929229	0.046721102	0.039795082	0.041565803
motu linkage group 502	-0.003323328	0.014271692	-0.05262223	-0.077805466	0.03943417	0.014275415	-0.038400723	-0.041688956	-0.00183053	0.005751439	0.002153262	-0.054530669	0.082292238	-0.011109649	-0.078698204	0.101705327	-0.03797495	0.080012625	0.012493519	-0.048538622	-0.040025804	-0.145840641	0.002436542	0.032427518	-0.076708963	-0.077020901	-0.026699879
motu linkage group 45	0	0	0	0	0	0	0	0	0	0	0	0	0	0	0	0	0	0	0	0	0	0	0	0	0	0	0
motu linkage group 636	0	0	0	0	0	0	0	0	0	0	0	0	0	0	0	0	0	0	0	0	0	0	0	0	0	0	0
motu linkage group 320	-0.040597951	0.033409871	0.12350101	-0.181713462	-0.004267675	-0.069028556	0.029409659	-0.225302003	0.043473048	-0.071252609	-0.029961245	-0.204149325	0.011658417	0.016142217	-0.058467958	-0.00059368	-0.025155573	-0.001509621	-0.128948663	-0.149857014	0.122918294	0.083590246	0.07223987	-0.044824055	-0.044667701	0.058293421	-0.018397786
Haemophilus parainfluenzae	0.074045636	-0.045277225	-0.015031452	-0.08500399	0.051635573	0.105414136	-0.023766389	-0.06231754	0.046275579	0.074967615	-0.032686873	-0.06411761	0.027289318	-0.036494705	-0.002376741	-0.103233167	-0.039166126	-0.01405755	-0.040445865	-0.042505767	-0.016558578	0.113305257	-0.05611452	0.085183743	0.008799222	-0.106121948	0.001028329
Bacillus anthracis/cereus/thuringiensis	-0.054902517	-0.051969385	-0.00059177	-0.014306309	-0.006976547	-0.051690903	-0.091719813	0.039481226	-0.051628354	-0.040456441	-0.033125827	0.009449831	-0.032741011	-0.003263927	0.013000305	0.059496722	-0.073672189	-0.067597382	0.077414127	0.005450506	-0.009952984	-0.204110274	0.026062965	-0.017775005	-0.102503116	0.014811142	-0.047305659
Haemophilus pittmaniae	0	0	0	0	0	0	0	0	0	0	0	0	0	0	0	0	0	0	0	0	0	0	0	0	0	0	0
motu linkage group 131	-0.038339823	-0.005103878	0.027672576	-0.013546665	-0.020679973	-0.023483963	-0.029198892	-0.020810817	-0.048203233	-0.009667166	0.005687404	-0.066077976	0.004504639	0.026453958	0.047491866	0.048684483	-0.033891647	0.031511662	-0.004083222	0.019651852	0.035378105	-0.054442909	0.033531101	-0.022667969	-0.025380786	0.026145582	-0.003025472
Bacteroides xylanisolvens	-0.025387441	0.074762476	0.125674699	0.044802606	0.008748127	-0.010464372	0.08015888	0.029236865	-0.009998358	-0.040953142	0.086075871	0.004795383	0.005563859	0.1029501	0.043116065	0.032083494	0.114370028	0.06442205	0.014581114	-0.002679463	0.046971619	0.04913208	0.08701642	-0.024957119	0.073848866	0.059391284	0.083442195
motu linkage group 115	0.00585448	0.00562834	-0.065336177	-0.086445904	0.083193054	-0.000511801	-0.026961137	-0.044102772	0.052436761	0.033409828	0.004146663	-0.082804533	0.089256053	0.008840092	0.046442557	-0.06405857	-0.032844056	0.121285563	-0.072220296	-0.066864397	-0.038083198	0.082568824	-0.033101952	0.036257538	-0.05979437	-0.059802083	-0.040946269
motu linkage group 701	0	0	0	0	0	0	0	0	0	0	0	0	0	0	0	0	0	0	0	0	0	0	0	0	0	0	0
Lactobacillus salivarius	0	0	0	0	0	0	0	0	0	0	0	0	0	0	0	0	0	0	0	0	0	0	0	0	0	0	0
Bacteroides eggerthii	-0.030461357	-0.068671074	0.107870096	0.094053994	0.058264463	-0.016886043	-0.059159033	0.103081276	-0.037372658	0.012550487	-0.080290378	0.081855512	0.016043426	-0.053214979	-0.02776789	-0.026982952	-0.104183669	0.008832906	0.022564013	0.097150457	0.120951149	-0.187510612	0.057398274	0.020275579	-0.029026693	0.001423061	-0.020070704
motu linkage group 383	-0.147522718	-0.02658393	0.042878029	-0.081414024	-0.047846595	-0.125463941	-0.06764327	-0.05874842	-0.050033458	-0.107124309	-0.015930568	-0.084049294	-0.024493009	-0.018645633	-0.00341989	-0.010146318	-0.052212266	-0.023529825	-0.033805907	-0.07383067	0.080838622	-0.240455866	0.014270878	-0.100149309	-0.113205939	0.062569247	-0.069914027
motu linkage group 238	0.154537524	0.179343473	0.11905642	0.040983371	0.227350441	0.170832189	0.138056418	0.055029536	0.19077125	0.153525395	0.09934053	0.036419142	0.145217433	0.166882128	0.086412836	0.092383933	0.034598226	0.122264951	-0.047763644	0.072183209	0.124893547	-0.006120324	0.179553639	0.180307478	0.156114139	-0.076594173	0.197341959
Klebsiella oxytoca	0.025704716	0.155759367	0.105487541	0.05733382	0.213170195	0.010861058	0.138668704	0.078846564	0.148971801	0.011570918	0.131996137	0.038310841	0.207607411	0.151448203	0.118413703	0.089287597	0.069616354	0.142004559	0.070179351	-0.004805547	0.062543566	-0.006554163	0.199416736	0.056801101	0.107992508	0.016014748	0.13686873
motu linkage group 398	0	0	0	0	0	0	0	0	0	0	0	0	0	0	0	0	0	0	0	0	0	0	0	0	0	0	0
Ruminococcus lactaris	0.00201268	0.018205993	0.164005108	0.038203431	0.144662425	-0.01753627	0.01455058	0.055336221	0.100945023	0.026215643	-0.07718807	0.085186493	0.075266171	0.029124585	-0.140884445	-0.147276435	-0.14999881	-0.008549318	0.082459186	0.072381519	0.161289897	0.048320157	0.049371884	0.059895326	0.097577207	-0.023810568	0.05096285
motu linkage group 385	0	0	0	0	0	0	0	0	0	0	0	0	0	0	0	0	0	0	0	0	0	0	0	0	0	0	0
motu linkage group 651	0.056641931	0.176381838	0.113720558	0.071888864	0.218119671	0.049702622	0.141689482	0.04959452	0.180521841	0.066265234	0.072005217	0.043290678	0.238498279	0.13711758	-0.014276903	0.067771997	0.047709133	0.164350216	-0.012787117	0.080246227	0.065812169	-0.100805339	0.186815	0.119876556	0.103094243	-0.026513368	0.15605295
motu linkage group 145	0	0	0	0	0	0	0	0	0	0	0	0	0	0	0	0	0	0	0	0	0	0	0	0	0	0	0
butyrate-producing bacterium	-0.014980461	0.01378047	-0.094397105	-0.149534344	-0.054616339	-0.035736465	-0.015880099	-0.154368846	0.006666405	-0.036124673	0.002843702	-0.187043302	0.030207577	-0.00311223	-0.063225368	0.034577047	-0.040105116	-0.045579368	-0.019541133	-0.215277102	-0.05770691	0.111398568	-0.040186129	-0.037949746	-0.069543353	-0.00431529	-0.047399068
Eggerthella lenta	-0.010953769	0.03197947	0.088460866	0.114796195	-0.006808266	-0.031201226	0.045777484	0.127986548	0.00316039	-0.057749602	0.025757535	0.086483504	0.011431454	0.061804432	-0.05207413	0.090922007	-0.00087031	-0.091901277	0.130018698	0.143746919	0.111996314	0.009463718	0.054423693	-0.05493929	0.08472851	0.08708607	0.05257135
Bacteroides fragilis	-0.046008744	0.089673896	0.053336151	0.0086066	-0.003450542	-0.051365114	0.056668595	-0.011603884	0.061605318	-0.073349424	0.077384013	-0.018938782	0.057299842	0.050111389	0.104424715	-0.060370257	0.127519504	0.054362477	-0.028030756	0.003875177	0.024676429	0.053665673	0.032031345	-0.080064665	0.075211702	0.088435975	0.041394672
Roseburia intestinalis	0.102922041	0.120427401	0.063108863	0.116632935	0.187672938	0.075415455	0.113896216	0.113953722	0.168309444	0.0813175	0.006777569	0.130572132	0.115158893	0.113498311	-0.054057833	0.042117639	-0.034174475	0.039434584	0.068817672	0.112590044	-0.004386066	0.137946908	0.123371145	0.105553734	0.139479617	-0.021756508	0.146180342
Bifidobacterium breve	0	0	0	0	0	0	0	0	0	0	0	0	0	0	0	0	0	0	0	0	0	0	0	0	0	0	0
motu linkage group 301	0.089492039	0.141154088	0.081743069	-0.02952345	0.191029369	0.107750957	0.084151169	0.008216651	0.128758822	0.108709862	0.119339972	-0.024932114	0.172738888	0.160172694	0.142983254	0.134596972	0.013214036	0.145385541	-0.0515508	-0.03126745	0.060299857	-0.067054856	0.166595167	0.118105196	0.050930029	-0.030086902	0.122416618
motu linkage group 290	0.02479981	-0.050879044	0.034114623	0.01941173	0.099845945	0.022618807	-0.060092589	0.078515829	-0.009294463	0.067627444	-0.126511835	0.065195075	-0.016009057	-0.039695159	-0.128795183	-0.071583756	-0.160111783	-0.084708685	0.059030229	0.056066651	0.038251591	-0.12510371	0.006185734	0.090788184	-0.061081041	-0.105308097	-0.02691047
Bacteroides ovatus	-0.08225531	0.046694652	0.133949576	0.079186002	-0.046391582	-0.084480665	0.049427041	0.063478237	-0.021278558	-0.107597385	0.013699763	0.054347678	-0.012452446	0.053160631	0.035541621	-0.006637964	0.073140339	-0.017723097	0.049575789	0.04674175	0.07016748	0.035732422	0.071660581	-0.10288445	0.057607191	0.126904453	0.042603417
motu linkage group 151	0.031752178	-0.085540594	0.052347277	-0.078926992	0.055714931	0.038174221	-0.132083982	-0.047886135	0.03503909	0.069203278	-0.09332072	-0.045342725	0.01434792	-0.074563106	-0.148373848	-0.034592206	-0.106686062	0.018861892	-0.042865552	-0.048751939	0.086360541	-0.145777457	-0.020459586	0.06600051	-0.032394322	-0.051706698	-0.015927098
motu linkage group 342	0	0	0	0	0	0	0	0	0	0	0	0	0	0	0	0	0	0	0	0	0	0	0	0	0	0	0
Enhydrobacter aerosaccus	0	0	0	0	0	0	0	0	0	0	0	0	0	0	0	0	0	0	0	0	0	0	0	0	0	0	0
Lactobacillus delbrueckii	0	0	0	0	0	0	0	0	0	0	0	0	0	0	0	0	0	0	0	0	0	0	0	0	0	0	0
Clostridium sp. HGF2	-0.158607272	0.053429199	-0.054738745	-0.031593098	-0.152574039	-0.151568241	0.030475593	-0.011151186	-0.145204747	-0.174923172	0.062998225	-0.03749449	-0.079730425	0.043321216	0.10733585	0.019304787	0.098552709	-0.08980795	0.08008358	-0.044285361	-0.141000602	-0.12329666	0.007906742	-0.188240217	-0.072884652	0.175119976	-0.08047731
motu linkage group 456	0.002335268	0.055548312	0.00502158	0.07054982	-0.029532679	-0.000521716	0.020939798	0.083184326	-0.001572138	-0.027037709	0.088767027	0.036486384	0.031411596	0.097269691	0.105105954	0.18119946	0.037809741	0.033927845	0.042025707	0.077288386	0.044155214	-0.027675752	0.083181092	-0.02967211	0.034237337	0.086123197	0.044316084
Lactobacillus plantarum	0	0	0	0	0	0	0	0	0	0	0	0	0	0	0	0	0	0	0	0	0	0	0	0	0	0	0
[Ruminococcus] gnavus	-0.153829983	-0.03246814	-0.110464507	0.081809932	-0.101731522	-0.128875435	-0.007500256	0.090705371	-0.150421888	-0.147963516	-0.017750758	0.070758298	-0.088831235	-0.054209752	-0.033833432	-0.036031653	0.02281487	-0.055399326	0.116918176	0.077570364	-0.085208773	-0.089650025	-0.098990126	-0.147107635	-0.054588512	0.05126343	-0.102851327
Streptococcus pneumoniae	0	0	0	0	0	0	0	0	0	0	0	0	0	0	0	0	0	0	0	0	0	0	0	0	0	0	0
Parabacteroides merdae	0.088856044	0.118650346	0.183598839	0.092210015	0.22188431	0.090095694	0.126768835	0.109308998	0.136131495	0.07656457	0.097449259	0.063938444	0.132207884	0.140292201	0.061178201	0.071358115	0.094602369	0.112246279	0.02041356	0.134866323	0.123517961	-0.077606354	0.174544701	0.098300489	0.167746049	0.021827566	0.176715947
motu linkage group 297	-0.056457152	-0.137923972	-0.179653142	-0.094288594	-0.117904713	-0.046400944	-0.18997785	-0.062422353	-0.144401942	0.024360872	-0.109510854	-0.047568885	-0.134180952	-0.141855321	-0.120586045	-0.067792255	-0.141643011	-0.141103246	-0.043549985	0.037694621	-0.138842363	-0.150895464	-0.161188289	-0.003307028	-0.167246231	-0.11123721	-0.173501426
Bacteroides thetaiotaomicron	-0.009139479	0.077314096	0.155153949	0.013024013	-0.006627369	-0.023225802	0.075036907	-0.0218618	0.013074776	-0.024164897	0.030242873	-0.015451791	-0.041066577	0.081167207	-0.006991794	0.018254402	0.008189459	-0.085802294	-0.052492012	-0.002679463	0.114819513	0.149629518	0.061935216	-0.037181014	0.119021024	0.058883666	0.087475654
motu linkage group 333	0.117381347	0.179378198	0.107061984	0.138227257	0.211431842	0.099501751	0.15716203	0.130086778	0.250538529	0.059873804	0.093166288	0.148932657	0.244722085	0.11172429	-0.057552307	0.17321975	0.051337036	0.153424211	0.103883816	0.105742482	0.038694721	0.003813496	0.16216872	0.124972005	0.195737655	-0.017335952	0.211656684
motu linkage group 324	0	0	0	0	0	0	0	0	0	0	0	0	0	0	0	0	0	0	0	0	0	0	0	0	0	0	0
Haemophilus influenzae	0	0	0	0	0	0	0	0	0	0	0	0	0	0	0	0	0	0	0	0	0	0	0	0	0	0	0
butyrate-producing bacterium SS3/4	-0.006857178	0.01633649	-0.053806858	-0.094589771	0.026254216	-0.035234745	0.022545127	-0.091695871	0.012823212	-0.004071403	-0.008274655	-0.091412937	-0.031540348	0.005966599	-0.003497207	-0.067511259	0.00282501	-0.030112413	-0.048427441	-0.122705845	-0.066713092	0.144100307	-0.013569407	0.031335469	-0.053566838	-0.037323891	-0.047663096
Lactobacillus amylovorus	0	0	0	0	0	0	0	0	0	0	0	0	0	0	0	0	0	0	0	0	0	0	0	0	0	0	0
Ruminococcus sp. SR1/5	-0.048326723	0.089474424	-0.04404284	-0.095253843	-0.045947517	-0.087196393	0.070046229	-0.084708631	-0.00667809	-0.076198663	0.038586756	-0.14306402	0.014333933	0.04806432	-0.011383002	0.000277101	0.08770689	-0.054396528	-0.026295294	-0.074867589	-0.0241109	0.045868142	0.051538665	-0.072715676	-0.077292835	0.098917076	-0.034601355
Sutterella wadsworthensis	-0.074729799	0.035535356	0.053200642	0.076399463	0.181796356	-0.072974193	0.035935991	0.081700709	0.134157961	-0.081315748	0.094086425	0.14559661	0.155977404	0.074964821	0.053480731	0.089292662	0.072995144	0.133858601	0.11476256	0.090776585	-0.048333504	-0.101022308	0.119888063	-0.034391334	0.062116862	0.080066109	0.064630078
motu linkage group 498	0	0	0	0	0	0	0	0	0	0	0	0	0	0	0	0	0	0	0	0	0	0	0	0	0	0	0
motu linkage group 672	-0.007207134	-0.07281812	0.015841105	-0.04475718	0.049114855	0.001906731	-0.119768243	-0.023612888	-0.004596586	0.041046407	-0.166844148	-0.022689019	0.005937971	-0.106163901	-0.094890763	-0.137612517	-0.168352722	-0.002942301	-0.051851069	0.017793253	0.077546747	-0.186444703	-0.025238078	0.048704421	-0.042846892	-0.087980187	-0.032769289
motu linkage group 486	0	0	0	0	0	0	0	0	0	0	0	0	0	0	0	0	0	0	0	0	0	0	0	0	0	0	0
motu linkage group 646	-0.034363255	0.0281417	0.016334044	-0.021415602	0.12306193	-0.030452145	0.049043591	0.000792265	0.051408589	-0.009946437	0.013217489	-0.022437357	0.024970444	0.068640713	-0.042353275	0.023571335	-0.039073102	0.10746465	0.076021364	-0.028059166	0.00610494	0.059057701	0.021041551	0.025278143	-0.018828866	-0.01755891	-0.019462116
Fusobacterium mortiferum	0	0	0	0	0	0	0	0	0	0	0	0	0	0	0	0	0	0	0	0	0	0	0	0	0	0	0
Lactobacillus gasseri	0	0	0	0	0	0	0	0	0	0	0	0	0	0	0	0	0	0	0	0	0	0	0	0	0	0	0
motu linkage group 51	0	0	0	0	0	0	0	0	0	0	0	0	0	0	0	0	0	0	0	0	0	0	0	0	0	0	0
motu linkage group 122	-0.086799983	-0.152763995	0.006450677	0.032106939	-0.022950806	-0.050185576	-0.173993523	0.091987658	-0.100443108	-0.00410581	-0.154754092	0.060984604	-0.105747595	-0.141935125	-0.147482771	-0.088881744	-0.156222414	-0.102788184	0.081305346	0.119701796	0.071052894	-0.310503486	-0.061590103	-0.002242149	-0.102406688	-0.071135274	-0.081011492
motu linkage group 268	0.152877358	0.158856659	0.026369176	-0.006430786	0.190365669	0.148213571	0.108583984	0.005371837	0.155204594	0.110307259	0.123746643	0.003431575	0.189974209	0.180651819	0.070046558	0.209896141	0.073355714	0.125618547	0.025668231	0.0693468	-0.084654646	0.062626789	0.166477787	0.127384231	0.099699574	-0.025064328	0.155321292
motu linkage group 517	0	0	0	0	0	0	0	0	0	0	0	0	0	0	0	0	0	0	0	0	0	0	0	0	0	0	0
motu linkage group 562	0	0	0	0	0	0	0	0	0	0	0	0	0	0	0	0	0	0	0	0	0	0	0	0	0	0	0
motu linkage group 218	0	0	0	0	0	0	0	0	0	0	0	0	0	0	0	0	0	0	0	0	0	0	0	0	0	0	0
motu linkage group 47	0	0	0	0	0	0	0	0	0	0	0	0	0	0	0	0	0	0	0	0	0	0	0	0	0	0	0
Oxalobacter formigenes	0	0	0	0	0	0	0	0	0	0	0	0	0	0	0	0	0	0	0	0	0	0	0	0	0	0	0
Ruminococcus sp. 5 1 39BFAA	0.069561589	0.058432106	-0.001551539	-0.114611318	-0.035787792	0.053853234	0.027402556	-0.115103692	0.015125722	0.058758856	0.0483369	-0.152386625	0.046895382	0.018930371	0.027384528	0.008297455	0.062409324	-0.067797878	-0.021580049	-0.153920285	-0.02841493	0.071464844	0.017915145	0.040746317	-0.00329909	-0.025888508	0.019411024
motu linkage group 258	0.106160425	0.070094141	0.107342978	0.037632673	0.209567557	0.115555664	0.039084131	0.046897291	0.175542004	0.107401746	-0.020776203	0.038489393	0.214301806	0.043269513	-0.01570924	0.05037077	-0.02183598	0.123647318	0.063791244	0.043618397	0.086730079	-0.089751448	0.141131343	0.120741394	0.077459375	-0.051904476	0.129780708
Aggregatibacter segnis	0	0	0	0	0	0	0	0	0	0	0	0	0	0	0	0	0	0	0	0	0	0	0	0	0	0	0
Streptococcus agalactiae	0	0	0	0	0	0	0	0	0	0	0	0	0	0	0	0	0	0	0	0	0	0	0	0	0	0	0
motu linkage group 491	0.028817567	-0.013686156	-0.001935351	0.060759393	0.045963482	0.063354781	-0.023319925	0.087394971	-0.026862125	0.060919954	0.019023315	0.015951042	0.063453419	0.02296633	-0.006541041	0.108330389	-0.051076626	0.016141871	0.048380388	0.045306669	0.094758635	-0.164358237	0.023304626	0.0552732	0.009180066	-0.038624572	0.026413989
motu linkage group 346	0.052347314	0.040383889	-0.010663924	-0.084773756	0.127345074	0.059738232	-0.015413626	-0.033466971	0.088293009	0.086186388	-0.015557317	-0.048993505	0.100991927	0.029191834	0.007143381	-0.004624009	-0.106699073	0.076819042	-0.04290406	-0.060060319	0.017127743	-0.098942607	0.049063043	0.124889175	-0.060529677	-0.106930697	0.023601562
Anaerostipes caccae	0	0	0	0	0	0	0	0	0	0	0	0	0	0	0	0	0	0	0	0	0	0	0	0	0	0	0
motu linkage group 118	0.041685288	-0.058291076	0.122455823	0.00433898	0.027756749	0.029153141	0.000304714	-0.007521489	-0.03843434	0.030568034	-0.023681691	-0.0440606	-0.058634677	0.008330764	-0.060313071	0.035870295	-0.061488384	-0.125855352	-0.101665388	0.040382663	0.099701833	0.044508409	0.039282289	0.034542838	0.04378281	0.01872334	0.027894942
motu linkage group 234	0.03149222	-0.028707578	-0.008951766	0.036820256	0.027913217	0.044545167	-0.048390988	0.050909462	0.038457702	0.008438691	-0.017523504	-0.004611242	0.051209142	-0.051618009	0.010084968	-0.025133334	0.043176652	0.027998453	0.061833516	0.040366311	-0.004600437	-0.029796832	0.008121399	0.005509923	0.022328861	0	0.030180172
Blautia hansenii	0	0	0	0	0	0	0	0	0	0	0	0	0	0	0	0	0	0	0	0	0	0	0	0	0	0	0
motu linkage group 592	-0.013943496	0.039998909	-0.005325932	0.07361788	-0.007279875	-0.029495939	0.03868056	0.10699111	-0.010267002	-0.046277511	0.040815752	0.055479652	0.014854718	0.065871987	-0.033000774	0.157603018	-0.059777873	-0.02382003	0.089760346	0.078010367	0.022891862	0.047593788	0.066768045	-0.025351237	-0.009292067	0.023813993	0.010384169
Ruminococcaceae bacterium D16	0	0	0	0	0	0	0	0	0	0	0	0	0	0	0	0	0	0	0	0	0	0	0	0	0	0	0
motu linkage group 712	0.045566661	0.086192432	-0.020077544	0.05410661	0.198341371	0.029081449	0.094514112	0.066132575	0.116586672	0.03693449	0.086793998	0.055875629	0.090298758	0.115837256	-0.020269114	0.140002455	-0.025912354	0.093042457	0.071455433	0.067245249	0.017834405	-0.033778628	0.070193915	0.093471245	0.049643322	-0.041204154	0.060244075
Erysipelotrichaceae bacterium 3 1 53	0	0	0	0	0	0	0	0	0	0	0	0	0	0	0	0	0	0	0	0	0	0	0	0	0	0	0
motu linkage group 212	0.027383115	0.001668	0.015495407	-0.068961996	0.06036374	0.044769674	-0.030413228	-0.039601864	0.003351769	0.052655492	-0.043932965	-0.027864469	0.021072128	0	0.003491394	0.002712033	-0.07261025	-0.056395649	-0.074665039	0.017515712	0.045173659	-0.137473706	0.037085373	0.064647691	-0.040644042	-0.041202337	0.018676494
motu linkage group 471	0	0	0	0	0	0	0	0	0	0	0	0	0	0	0	0	0	0	0	0	0	0	0	0	0	0	0
Bacteroides coprocola	-0.029250385	-0.055474143	0.118138442	-0.007046175	0.009561333	-0.020456632	-0.043105372	0.05726409	-0.059589109	-0.013251941	-0.053866076	0.003202926	-0.062113711	-0.045466249	0.004086206	-0.113888612	0.022634036	-0.075816922	0.082976262	-0.005965545	0.183591431	-0.134527904	0.039743747	0.000765428	-0.043985725	0.030768551	-0.022225688
motu linkage group 837	0.105879121	-0.041091376	-0.009610016	0.099312375	-0.015689834	0.120847186	-0.022559842	0.114925353	0.027170873	0.123940539	-0.04411717	0.148142939	-0.057618595	-0.056038266	0.022455059	-0.102786528	-0.048975234	-0.029040834	0.086700826	0.095479471	-0.01676172	0.170986281	-0.065521526	0.076414124	0.116666475	-0.088733853	0.045454595
motu linkage group 585	0.160387159	0.091205616	0.054168798	0.0788158	0.082856399	0.174396683	0.07578694	0.085390488	0.12871765	0.136593785	0.018049017	0.062007743	0.115405144	0.024574132	-0.033903342	0.024830444	0.035211582	0.121601652	0.072724215	0.132649977	0.10412172	0.100711552	0.061270561	0.141833967	0.112227566	-0.129120545	0.142915447
motu linkage group 431	0.139565142	-0.040612922	0.069473249	0.043517668	0.109524503	0.167968156	-0.064756652	0.080873416	0.004340946	0.194392314	-0.097748717	0.022855645	0.008972369	-0.026931042	-0.039133928	-0.056822995	-0.119541181	0.000635123	-0.005925463	0.10485496	0.132557593	-0.11817152	0.026290131	0.183407936	0.041538223	-0.165028293	0.084801407
Eubacterium eligens	0.035126883	0.036840044	0.101374783	-0.047793355	0.114822362	0.044270765	0.033894	-0.062588963	0.061690307	0.059168551	-0.027989977	-0.060367176	0.053659889	0.035360367	-0.059002494	-0.039100686	-0.050964915	0.007333546	-0.113739656	-0.058506347	-0.004360671	-0.050660871	0.076981283	0.061535681	0.020609974	0.002290293	0.045748609
motu linkage group 136	0	0	0	0	0	0	0	0	0	0	0	0	0	0	0	0	0	0	0	0	0	0	0	0	0	0	0
Lactococcus garvieae	0	0	0	0	0	0	0	0	0	0	0	0	0	0	0	0	0	0	0	0	0	0	0	0	0	0	0
motu linkage group 302	0	0	0	0	0	0	0	0	0	0	0	0	0	0	0	0	0	0	0	0	0	0	0	0	0	0	0
motu linkage group 786	0	0	0	0	0	0	0	0	0	0	0	0	0	0	0	0	0	0	0	0	0	0	0	0	0	0	0
[Ruminococcus] obeum	0.11501545	0.130465159	0.013507521	-0.027735845	0.126489786	0.087683151	0.100844932	-0.032279616	0.153744339	0.090964526	0.10022711	-0.070650536	0.166340321	0.063560426	0.028386369	0.040841502	0.157722157	0.060192083	-0.041597743	0.002691588	0.033203669	0.012058177	0.112090677	0.08748935	0.087948947	-0.016572229	0.11116881
motu linkage group 622	0	0	0	0	0	0	0	0	0	0	0	0	0	0	0	0	0	0	0	0	0	0	0	0	0	0	0
motu linkage group 531	0	0	0	0	0	0	0	0	0	0	0	0	0	0	0	0	0	0	0	0	0	0	0	0	0	0	0
Geobacillus thermoleovorans	0	0	0	0	0	0	0	0	0	0	0	0	0	0	0	0	0	0	0	0	0	0	0	0	0	0	0
motu linkage group 209	0	0	0	0	0	0	0	0	0	0	0	0	0	0	0	0	0	0	0	0	0	0	0	0	0	0	0
motu linkage group 158	0.042690012	0.016358115	0.05408191	0.044895834	0.128158179	0.062230698	0.002691502	0.08166147	0.026943341	0.082872493	-0.015756238	0.110314958	0.026731012	0.029706407	-0.133490775	0.050577839	-0.085771382	0.025722055	0.079992373	0.041927356	-0.045708728	-0.193928352	0.025821466	0.112677663	0.010401664	-0.075488475	0.059081287
motu linkage group 678	0	0	0	0	0	0	0	0	0	0	0	0	0	0	0	0	0	0	0	0	0	0	0	0	0	0	0
motu linkage group 386	0.018170709	-0.126285797	-0.018508215	0.101547652	0.163901248	0.046252092	-0.111539431	0.103486241	0.078472094	0.066238815	-0.22712665	0.13428698	0.046399119	-0.177311824	-0.196976977	-0.180269612	-0.219752183	0.160223329	-0.063505574	0.2715734	0.12274969	-0.101602754	-0.111466257	0.115956382	0.021641829	-0.193642051	0.010365174
Eubacterium rectale	0.024879692	-0.002806782	-0.073439536	-0.12607245	-0.051693477	0.000255229	-0.033036727	-0.140916419	-0.004870995	0.022638693	-0.06229515	-0.157714829	-0.027819294	-0.029821817	-0.07516179	0.001106327	-0.081047403	-0.037978064	-0.11081647	-0.087231419	-0.037113378	0.085422822	-0.028664232	0.028013093	-0.056592086	-0.060914137	-0.026469578
motu linkage group 217	0	0	0	0	0	0	0	0	0	0	0	0	0	0	0	0	0	0	0	0	0	0	0	0	0	0	0
motu linkage group 277	0.002396295	-0.046663691	0.015255025	-0.132152266	0.018140968	0.025596441	-0.102432631	-0.104107964	-0.001512396	0.053421082	-0.099117852	-0.101842057	0.022194557	-0.07373686	-0.003780954	-0.068202655	-0.140271884	-0.049787652	-0.099093355	-0.077981147	0.068761905	-0.183458995	-0.020231516	0.060394274	-0.090724545	-0.084747056	-0.036584251
Citrobacter youngae	0	0	0	0	0	0	0	0	0	0	0	0	0	0	0	0	0	0	0	0	0	0	0	0	0	0	0
Erysipelotrichaceae bacterium 5 2 54FAA	0	0	0	0	0	0	0	0	0	0	0	0	0	0	0	0	0	0	0	0	0	0	0	0	0	0	0
Clostridium sp. L2-50	-0.013380222	0.009728402	-0.02406779	-0.075360033	0.076397791	-0.010017144	-0.031015415	-0.056414108	0.010924315	0.000285238	-0.037391548	-0.07946557	0.05585489	0.014830404	-0.007840345	0.086531535	-0.100700324	0	0.02583416	-0.037391241	0.012355225	-0.08076417	0.02095037	0.015420863	-0.078827391	-0.012522933	-0.048904674
Roseburia inulinivorans	0.063468603	0.122222614	0.101367247	0.006772487	0.213931468	0.053342776	0.108329732	0.005004508	0.210478263	0.038918203	0.09538137	-0.007459485	0.219110059	0.110211064	0.009905042	0.022126547	0.082176983	0.135877075	0.088069931	0.009229263	0.02841493	0.065881653	0.141785578	0.097281831	0.100241587	-0.024365655	0.132347892
Haemophilus haemolyticus	0.005486929	-0.058965492	-0.013327244	-0.069288615	0.041868925	0.034794472	-0.040873855	-0.048606893	0.017048695	0.010995165	-0.026214048	-0.055364056	-0.013214329	-0.031041009	-0.030997341	-0.081848502	-0.058216482	0.008418576	-0.066906278	-0.042071821	-0.05109677	0.122988761	-0.069780361	0.024132944	0.017720142	-0.068357935	-0.003352855
motu linkage group 496	0	0	0	0	0	0	0	0	0	0	0	0	0	0	0	0	0	0	0	0	0	0	0	0	0	0	0
motu linkage group 451	0	0	0	0	0	0	0	0	0	0	0	0	0	0	0	0	0	0	0	0	0	0	0	0	0	0	0
motu linkage group 691	0.045043822	0.026022649	0.058163434	0.027292837	0.124808343	0.074879202	0.007871229	0.040477444	0.045128118	0.095237662	-0.006139015	0.041312967	0.075879289	-0.012317647	-0.049246499	-0.009659981	-0.014991786	0.107293716	0.011000111	0.071539573	0.114230534	-0.116610124	0.023598196	0.114916788	0.040062852	-0.121622397	0.054588606
Coprococcus comes	-0.035489598	0.076396824	0.062855727	-0.115217391	0.053374743	-0.056447218	0.076944422	-0.120903213	0.011767769	-0.036089229	0.023729971	-0.144521186	0.062742239	0.039767744	-0.014588008	-0.021928787	0.061277056	0.036097865	-0.031335403	-0.087585412	0.031458007	-0.013687612	0.085170722	0.01354927	-0.044741949	0.039452132	0.003944812
motu linkage group 617	0	0	0	0	0	0	0	0	0	0	0	0	0	0	0	0	0	0	0	0	0	0	0	0	0	0	0
Leuconostoc gasicomitatum	0	0	0	0	0	0	0	0	0	0	0	0	0	0	0	0	0	0	0	0	0	0	0	0	0	0	0
motu linkage group 394	0.038438588	-0.040636765	0.048433158	-0.021326148	0.070166186	0.015743698	-0.064338369	-0.018610717	0.04399165	0.048783414	-0.027830638	0.018823748	0.034469067	-0.083470476	0.009475238	-0.00124079	0.04529059	0.010727356	-0.057563622	0.04674639	0.070565915	-0.124296163	0.026981425	0.052267797	-0.02789277	-0.037859356	-0.010461024
Streptococcus oralis	0	0	0	0	0	0	0	0	0	0	0	0	0	0	0	0	0	0	0	0	0	0	0	0	0	0	0
motu linkage group 652	0	0	0	0	0	0	0	0	0	0	0	0	0	0	0	0	0	0	0	0	0	0	0	0	0	0	0
Mitsuokella multacida	0	0	0	0	0	0	0	0	0	0	0	0	0	0	0	0	0	0	0	0	0	0	0	0	0	0	0
Actinomyces odontolyticus	0.097066452	0.14883538	0.0583768	-0.022433724	0.101702369	0.084595186	0.146039837	-0.051900001	0.12779388	0.058087408	0.106250344	-0.075090877	0.125500667	0.125543079	0.114426471	0.042949017	0.131923703	0.049558189	0.04338186	-0.02097885	-0.034808952	0.086698592	0.154627198	0.065798526	0.080802215	0.051004698	0.126319835
motu linkage group 391	-0.01219511	0.092693278	0.036229737	-0.063865523	0.04854872	-0.030394979	0.039212478	-0.047973871	0.085947739	-0.03742004	0.072430383	-0.039991495	0.067346663	0.092127689	0.00087463	0.18129696	-0.012152097	-0.019144037	-0.096599364	0.045882978	0.029887067	-0.043860916	0.091435758	-0.034660342	0.051047262	0.101091697	0.020939262
motu linkage group 568	0	0	0	0	0	0	0	0	0	0	0	0	0	0	0	0	0	0	0	0	0	0	0	0	0	0	0
motu linkage group 559	0.108714817	0.111501832	0.056358277	-0.017972497	0.123681227	0.106499448	0.065351607	0.003461642	0.113713537	0.098618334	0.069641056	-0.028301901	0.167136899	0.082646089	0.044349146	0.118438657	0.034329955	0.086268082	-0.055892278	0.019563638	0.096853073	-0.055338083	0.130056878	0.114073491	0.050584246	-0.040027862	0.093870621
motu linkage group 525	0.03804118	0.003913729	0.047900778	0.036879702	0.118541843	0.051192882	-0.031726921	0.036981635	0.077132179	0.051620372	-0.089053578	0.022631568	0.116599575	-0.069147428	-0.020623387	-0.072771254	-0.039982485	0.064723948	-0.02821408	0.032316511	0.073209193	-0.102104647	0.015702072	0.076319132	0.027247305	-0.052405423	0.054132794
Dorea longicatena	-0.022368892	0.147923607	0.083629013	-0.055290887	0.138287119	-0.040121009	0.151543618	-0.035866549	0.103188908	-0.022921695	0.123452088	-0.044012662	0.138474619	0.103598157	0.042294927	0.015231028	0.116775067	0.047602376	0.006715702	-0.034876592	0.048481925	0.003354105	0.137862909	0.023968403	0.008893276	0.060482075	0.061839601
motu linkage group 458	0	0	0	0	0	0	0	0	0	0	0	0	0	0	0	0	0	0	0	0	0	0	0	0	0	0	0
motu linkage group 495	0.123666941	0.043269641	0.119945195	0.100468492	0.194359956	0.12602388	0.08174771	0.07093979	0.165372345	0.072314357	0.012462416	0.069980167	0.169143417	0.055184016	0.028091341	-0.096103016	0.005164365	0.135164913	-0.024241405	0.164327583	0.090142415	0.053372481	0.085523491	0.136753347	0.146402125	-0.058652796	0.172252929
motu linkage group 550	-0.056013869	-0.089484133	-0.05074828	-0.03992747	0.012313575	-0.047124797	-0.116577947	-0.026304455	0.033938448	-0.027765931	-0.118865388	0.010209108	0.006153325	-0.084317424	-0.1116386	-0.087681778	-0.141009605	-0.042141676	-0.035896294	-0.010371692	-0.094612795	-0.006159268	-0.059736722	-0.036965912	-0.074558025	-0.016799825	-0.083430649
Clostridium leptum	0.113964449	0.113623674	0.076042525	-0.002188526	0.02863667	0.096191753	0.090064529	0.043944192	0.053233995	0.083044164	0.099591228	-0.023342778	0.043248851	0.109250201	0.130076609	0.072370075	0.090160789	-0.074622569	-0.03430249	-0.002501395	0.001740081	0.06935882	0.124103069	0.066635204	0.096862756	0.013099484	0.127385115
Streptococcus mitis	0	0	0	0	0	0	0	0	0	0	0	0	0	0	0	0	0	0	0	0	0	0	0	0	0	0	0
motu linkage group 284	-0.102057514	-0.013523588	0.097229808	-0.030215711	-0.013519833	-0.109493067	-0.006402466	-0.024495751	-0.031533284	-0.092335345	-0.009563986	-0.042092809	-0.015101903	-0.011669407	0.103128967	-0.100675791	0.052243099	-0.171885906	0.030911963	0.020542553	0.128157133	-0.050248719	0.036342152	-0.112052371	-0.0053293	0.103554033	-0.021931936
motu linkage group 327	0.148963821	0.023527326	0.020592023	-0.013828371	0.137029932	0.155106918	-0.035420532	0.016190978	0.142547547	0.169864189	-0.06139015	-0.001116567	0.110302576	-0.042387198	-0.035815635	-0.055641488	-0.050104128	0.019257846	-0.100630643	0.052406897	0.066026869	-0.076830082	0.044693554	0.179668663	0.051762623	-0.142188283	0.11129032
motu linkage group 307	0	0	0	0	0	0	0	0	0	0	0	0	0	0	0	0	0	0	0	0	0	0	0	0	0	0	0
Streptococcus parasanguinis	-0.008486924	0.072642314	-0.014779412	-0.048313997	-0.001715229	-0.031651687	0.020712773	-0.023291173	0.064415399	-0.030996273	0.116515355	-0.0976786	0.029713912	0.108781628	0.137286721	0.126760015	0.006699611	-0.026696321	0.007861952	-0.114936517	-0.08379633	0.098138581	0.064857446	-0.060966468	0.038039546	0.069793781	0.024466392
motu linkage group 586	0.093878093	0.053167861	0.048949254	0.012231215	0.158321659	0.11123221	0.04359233	0.034785249	0.074862092	0.113842907	0.037550625	0.01798264	0.058705466	0.040715974	-0.045313547	0.002029264	0.013260258	0.063571809	-0.058625434	0.064219577	0.071478361	-0.060216375	0.007510988	0.146487049	0.082670126	-0.110613489	0.109494984
Actinomyces viscosus	0.028434624	0.055086752	0.086888319	0.010993289	0.061103902	0.025271943	0.039076407	-0.002565302	0.081564209	-0.024360872	0.066713509	0.021622221	0.089023901	0.057247251	0.028846074	0.102361815	0.028878672	0.015069279	0.038816291	0.078772093	0.059302162	-0.007703372	0.059822458	-0.030176627	0.113694482	0.065918346	0.074474669
Fusobacterium varium	0	0	0	0	0	0	0	0	0	0	0	0	0	0	0	0	0	0	0	0	0	0	0	0	0	0	0
Parabacteroides distasonis	-0.12084422	-0.029853958	0.082748773	0.00937729	-0.076612384	-0.092137523	-0.011012242	-0.009745622	-0.131004132	-0.090300406	0.009563986	-0.030903581	-0.118430709	0.012188047	0.069917944	-0.044806258	0.037558553	0.004219785	-0.08282073	0.009229263	0.048131412	-0.132879945	-0.010237226	-0.094225858	-0.030199364	0.108630211	-0.060249802
Lactobacillus rhamnosus	0	0	0	0	0	0	0	0	0	0	0	0	0	0	0	0	0	0	0	0	0	0	0	0	0	0	0
motu linkage group 349	-0.044799503	0.064470077	0.068188153	-0.132149932	0.110038097	-0.081888121	0.068301546	-0.13996688	0.090222074	-0.079571499	0.041207466	-0.13782948	0.096428415	0.056940592	0.021322684	0.003882338	0.043603316	0.035257431	-0.022514019	-0.061192863	0.078201375	0.089286287	0.065690695	-0.042640908	0.006615547	0.055475975	-0.002780302
motu linkage group 644	0	0	0	0	0	0	0	0	0	0	0	0	0	0	0	0	0	0	0	0	0	0	0	0	0	0	0
[Ruminococcus] torques	0.016503897	0.103098334	0.156466434	0.018496408	0.060979407	0.008678856	0.109111651	0.010800551	0.090765662	-0.010175964	0.089447358	-0.010391295	0.08002358	0.111002883	0.070800758	0.137201724	0.032197065	0.040796348	0.040248901	0.016376543	0.170800853	0.05388452	0.119534536	0.01986631	0.069035738	0.059144859	0.073619829
Streptococcus sp. C150	0	0	0	0	0	0	0	0	0	0	0	0	0	0	0	0	0	0	0	0	0	0	0	0	0	0	0
Lachnospiraceae bacterium 1 4 56FAA	-0.095745476	0.06989046	0.05018564	0.071705686	-0.08319261	-0.108902987	0.093764341	0.090997677	-0.072690906	-0.134443975	0.104600387	0.046936377	-0.080957773	0.093873018	0.063756328	0.061671917	0.104169545	-0.058081669	0.036526737	0.050813109	0.037913414	0.002305433	0.069396455	-0.123734797	0.014321334	0.148471999	-0.009368504
Leuconostoc citreum	0	0	0	0	0	0	0	0	0	0	0	0	0	0	0	0	0	0	0	0	0	0	0	0	0	0	0
motu linkage group 470	0.011880826	0.062515085	0.047338228	0.05700602	0.213819604	0.009133799	0.039479723	0.068882704	0.159143683	0.008402748	-0.002134702	0.067837732	0.153892703	-0.00214159	-0.106260547	-0.030455268	0.037314464	0.126230827	-0.02809749	0.062287037	0.037115237	-0.09221732	0.058828467	0.067651036	0.097105629	-0.071615905	0.100971657
motu linkage group 548	0	0	0	0	0	0	0	0	0	0	0	0	0	0	0	0	0	0	0	0	0	0	0	0	0	0	0
Veillonella sp. oral taxon 158	-0.130723927	-0.166913483	-0.036003808	-0.022510554	-0.019409298	-0.108139137	-0.129410126	-0.036988996	-0.091697864	-0.106858299	-0.146129184	-0.002558113	-0.064237265	-0.177414856	-0.068185319	-0.203167366	-0.07050167	0.053350072	-0.042353075	0.042881051	-0.020532952	-0.091138159	-0.109972521	-0.110956784	-0.091075359	0.03229175	-0.140698524
motu linkage group 225	0.036834267	0.031996796	0.016347317	0.010527967	0.117309742	0.048668977	-0.020436339	0.040126402	0.070141183	0.054831453	-0.010179486	0.036720411	0.061504925	0.008062367	0.050419548	-0.074811651	0.002048615	0.009037864	0.085528768	-0.017278197	-0.105470912	-0.007521958	0.05065948	0.050936694	0.040765015	-0.018149347	0.070016047
motu linkage group 404	0	0	0	0	0	0	0	0	0	0	0	0	0	0	0	0	0	0	0	0	0	0	0	0	0	0	0
motu linkage group 244	-0.081776526	-0.102829628	-0.117053966	-0.150806084	-0.028588976	-0.056498614	-0.165712784	-0.112875225	-0.097495093	0.015520785	-0.124709626	-0.106606528	-0.131961667	-0.082058769	-0.055394427	-0.120488586	-0.206370827	-0.017963685	-0.080279806	-0.151664394	-0.050606872	-0.068134144	-0.152893231	0.005059182	-0.166370639	-0.091839795	-0.147022369
motu linkage group 7	0.059940204	0.010694239	0.082368093	-0.006550281	0.160362056	0.075948905	0.043291761	-0.033853862	0.108522378	0.070362153	0.052362187	-0.019726011	0.16508372	0.019925606	-0.001627983	0.076507047	-0.000789041	0.17449967	-0.006111173	-0.052406897	0.182687839	-0.125190133	0.034324649	0.089656442	0.064880548	-0.031557998	0.054236422
motu linkage group 588	0.078908215	0.150686014	0.036038606	-0.053539004	0.051297954	0.061927891	0.10912841	-0.054930398	0.060662135	0.063759214	0.129064894	-0.091352098	0.105460277	0.120641254	0.057834128	0.103991185	0.065971251	0.103233758	-0.081576771	-0.04716328	0.090411255	0.059337595	0.105720962	0.080941124	0.057249929	-0.006361924	0.0798705
motu linkage group 430	0	0	0	0	0	0	0	0	0	0	0	0	0	0	0	0	0	0	0	0	0	0	0	0	0	0	0
[Clostridium] bartlettii	-0.114192463	0.039477259	0.003179412	0.070725283	0.083929301	-0.104864307	0.022566268	0.102282425	0.0165485	-0.110244189	0.023306328	0.049133456	0.042891169	0.035337994	-0.042087246	0.023520998	-0.012441698	0.055630166	0.153282321	0.06222852	-0.013665714	-0.106973961	0.04064508	-0.063405749	0.007020509	0.046029273	-0.013947792
Alistipes sp. HGB5	0.11743051	-0.062385226	-0.027339813	0.040162024	0.045252811	0.14953873	-0.078690849	0.042351949	0.016375886	0.156878021	-0.108176646	0.012029495	0.053981042	-0.051978097	-0.016683742	-0.070972861	-0.154881403	0.093256321	-0.060379747	0.163285411	0.013730985	-0.016909388	-0.045379624	0.144159816	0.031582173	-0.182808898	0.069685781
Granulicatella adiacens	0	0	0	0	0	0	0	0	0	0	0	0	0	0	0	0	0	0	0	0	0	0	0	0	0	0	0
Streptococcus infantarius	0	0	0	0	0	0	0	0	0	0	0	0	0	0	0	0	0	0	0	0	0	0	0	0	0	0	0
Collinsella aerofaciens	0.047113833	0.035124322	0.018720957	0.040637257	0.121368392	0.058035311	0.068156288	0.018800265	0.048360852	0.045130352	0.029256225	0.040475779	0.087800763	0.013485423	0.008317514	0.001692127	0.027067191	0.096382116	-0.012786371	0.16757241	0.058834452	-0.036435151	0.020094219	0.067774606	0.054599846	-0.052277685	0.046525861
Streptococcus gordonii	0	0	0	0	0	0	0	0	0	0	0	0	0	0	0	0	0	0	0	0	0	0	0	0	0	0	0
Solobacterium moorei	0	0	0	0	0	0	0	0	0	0	0	0	0	0	0	0	0	0	0	0	0	0	0	0	0	0	0
motu linkage group 282	-0.030260917	0.103915856	0.016879255	-0.012197551	0.021817903	-0.010140777	0.042155006	0.03812342	0.037833916	-0.019491218	0.047316299	0.020414016	0.025189264	0.067339707	0.158742238	0.018838606	0.017230962	0.015169334	0.000827627	0.043091276	0	-0.120423138	0.081349368	-0.035414272	-0.000720219	0.051862472	0.043283958
motu linkage group 450	-0.093768844	-0.026356493	-0.107381884	-0.188884361	-0.066381757	-0.100660132	-0.018971515	-0.184127639	-0.105389339	-0.081211801	-0.024272587	-0.201245304	-0.114996998	-0.025703735	-0.060183711	-0.02943474	-0.05362471	-0.003228703	-0.153351355	-0.13947232	-0.01875636	0.083884427	-0.110016006	-0.060581439	-0.152513992	-0.030718585	-0.144662771
motu linkage group 771	0	0	0	0	0	0	0	0	0	0	0	0	0	0	0	0	0	0	0	0	0	0	0	0	0	0	0
Streptococcus infantis	0.034645487	0.041186371	0.033012288	-0.021022401	0.06379546	0.027339904	-0.009770695	0.032466232	0.120757444	0.022022071	-0.003034394	0.02306469	0.038489014	0.037671789	0.032061472	0.016234108	-0.065886907	0.014860942	0.10569695	-0.040191844	0.010636661	0.03072264	0.028917304	0.015695041	0.057720133	0.010800644	0.037361464
motu linkage group 457	0	0	0	0	0	0	0	0	0	0	0	0	0	0	0	0	0	0	0	0	0	0	0	0	0	0	0
motu linkage group 463	0	0	0	0	0	0	0	0	0	0	0	0	0	0	0	0	0	0	0	0	0	0	0	0	0	0	0
Faecalibacterium prausnitzii	0.007108484	0.125284559	0.065681838	0.012503053	0.044801014	-0.006380715	0.125232243	0.030817236	0.056144628	-0.029252244	0.096415315	0.027706659	0.020400816	0.114878827	0.130513495	0.086846698	0.062974114	-0.045854996	0.029162229	0.104499072	0.05856955	0.126738435	0.140761856	-0.003055974	0.05100901	0.08121885	0.049157789
motu linkage group 508	0.111851544	0.091895511	0.021419911	-0.035648123	0.182034687	0.11367376	0.03996756	-0.01928833	0.156345286	0.118786733	0.040029843	-0.033901091	0.168255576	0.037045905	-0.007694087	-0.007636748	0.044071471	0.101315828	-0.068617323	-0.032881387	0.02227704	-0.08043049	0.10538369	0.160809279	0.039605106	-0.092931657	0.118026443
motu linkage group 638	-0.041449073	-0.034613976	0.062086698	0.017511359	0.090699101	-0.01960949	-0.049805729	0.021817948	0.026467903	-0.011298481	-0.113573043	0.0118334	0.064566885	-0.087789456	-0.034273659	-0.115879357	-0.055597856	0.020938605	-0.02380601	0.07898681	0.101638993	-0.153153058	0.006144822	0.022623359	-0.031684085	-0.047532257	0
Eubacterium hallii	0.076511778	0.033468035	-0.080522053	-0.17395765	-0.033178291	0.053665044	-0.010769597	-0.170893558	0.016171396	0.066982286	0.027951416	-0.203525218	0.037934618	0.014020803	-0.004667026	0.050123929	-0.009613444	-0.043377313	-0.122342572	-0.059916197	-0.010451193	0.073510792	-0.023831321	0.05507633	-0.055138309	-0.079033299	-0.027512312
Roseburia hominis	-0.046781348	-0.020297655	-0.046608736	-0.084194278	0.013613633	-0.044717889	-0.053638095	-0.051718407	-0.045433843	-0.034065573	-0.065330145	-0.060626427	-0.037082954	-0.013578204	0.022587639	-0.038711605	-0.091846464	-0.024078016	-0.095434804	0.023682913	-0.056348263	-0.048910764	-0.009277426	-0.028463878	-0.084838237	-0.010989502	-0.072598303
motu linkage group 295	0	0	0	0	0	0	0	0	0	0	0	0	0	0	0	0	0	0	0	0	0	0	0	0	0	0	0
motu linkage group 265	-0.035229153	0.014331741	0.082589019	0.014630452	0.07503208	-0.035698155	-0.004512737	0.030458593	0.016658229	-0.027453654	-0.000284675	0.010562484	0.110004609	0.017706824	-0.076681047	0.055438029	-0.008086178	0.021687517	0.089606114	-0.042624706	0.053327314	-0.222896484	0.065109896	0.016267061	-0.016489807	0.008665254	0.013603997
motu linkage group 126	0.058274423	0.142165324	0.094701109	-0.10001359	0.106210811	0.010918162	0.092987145	-0.087666742	0.112611451	-0.001857786	0.08171771	-0.117856366	0.172219062	0.144752613	-0.023708735	0.210948969	0.017089193	-0.000293518	-0.002738417	-0.136676661	0.029042107	0.024757556	0.165825097	0.031087844	0.015886874	0.053757524	0.096266499
Bilophila wadsworthia	0.0278643	0.016186737	0.136961984	0.099144663	0.062462549	0.042404894	0.016504029	0.099458475	0.033559089	0.03841982	-0.013274253	0.033264057	0.044019334	0.010967011	-0.03050798	0.005291514	0.037534778	0.059203592	0.029951846	0.04286907	0.143936238	-0.087983156	0.070353815	0.043080464	0.090971122	0.013034061	0.116766502
Alistipes shahii	0.117853238	-0.004349172	0.123153508	0.009663137	0.119606628	0.12922969	-0.012838636	0.008979007	0.070943853	0.128793612	-0.046131629	-0.031519145	0.096959701	-0.012220127	-0.018985951	-0.01663859	-0.00537963	0.006487367	-0.056723633	0.069849414	0.126459473	-0.127911703	0.096483208	0.130986741	0.052161046	-0.087794548	0.112475862
Enterobacter hormaechei/cloacae	-0.019843195	0.13992854	0.090626951	0.063705591	0.070849695	-0.034106424	0.121716552	0.063090273	0.056235988	-0.044252868	0.116008064	0.02283814	0.113228954	0.120305387	0.107241097	0.060321309	0.052688995	0.067028863	0.063969205	-0.006005184	0.038746044	0.011613615	0.156159585	-0.045588753	0.103336644	0.096630625	0.094387648
motu linkage group 306	0.084281665	0.084367563	0.039808143	-0.007671142	0.080199576	0.107280669	0.035310757	0.003173312	0.07893224	0.108280678	-0.005882319	-0.00570602	0.067741167	0.013191141	0.028858358	-0.025176484	-0.02116936	0.108832698	-0.07690409	-0.049418493	0.010091515	-0.02727959	0.035630189	0.115907033	0.066923641	-0.085958707	0.095500723
motu linkage group 504	0	0	0	0	0	0	0	0	0	0	0	0	0	0	0	0	0	0	0	0	0	0	0	0	0	0	0
Prevotella timonensis	0	0	0	0	0	0	0	0	0	0	0	0	0	0	0	0	0	0	0	0	0	0	0	0	0	0	0
motu linkage group 177	0.072091431	-0.118219431	-0.115556369	-0.021411576	-0.036450214	0.105662338	-0.153101134	0.009447789	-0.042530275	0.11633058	-0.103920347	0.039020067	-0.068503699	-0.123246473	-0.13410323	-0.034722746	-0.111000279	-0.108895501	0.016562101	0.133486605	-0.098802169	-0.138099338	-0.100980458	0.100861486	-0.069408562	-0.140352352	-0.051239838
Coprococcus eutactus	0.016367102	0.086527601	0.083022115	0.041310724	0.176031839	0.03488334	0.054484643	0.041093776	0.179492697	0.009511351	0.017330991	0.054617373	0.216243657	0.035108189	-0.055593239	0.063121861	-0.02330344	0.154885154	0.072570628	0.135891233	0.117016664	-0.066589703	0.092728124	0.04400034	0.069042444	-0.014726591	0.087111477
motu linkage group 207	0	0	0	0	0	0	0	0	0	0	0	0	0	0	0	0	0	0	0	0	0	0	0	0	0	0	0
Fusobacterium periodonticum	0	0	0	0	0	0	0	0	0	0	0	0	0	0	0	0	0	0	0	0	0	0	0	0	0	0	0
motu linkage group 206	0.038847635	0.104629497	0.075776306	-0.007033845	0.08537117	0.00561573	0.077607583	-0.005268561	0.095380865	-0.000508798	0.053254785	-0.023713467	0.115000774	0.092329501	0.069052591	0.047578017	0.034174078	-0.026165933	-0.008458102	0.010719192	0.049587344	0.021497969	0.134892292	0.044571849	0.0355331	0.043406742	0.066056148
motu linkage group 528	0	0	0	0	0	0	0	0	0	0	0	0	0	0	0	0	0	0	0	0	0	0	0	0	0	0	0
motu linkage group 551	-0.081503862	-0.004083102	0.035431242	-0.014328204	0.023596379	-0.078109702	0.013318793	-0.014225116	-0.041024028	-0.067670161	0.028954058	-0.03703564	-0.00211983	0.054464032	-0.025931142	0.066664547	-0.086423701	-0.002250833	-0.006124833	0.04525881	0.061766692	-0.01647247	0.003839439	-0.058325448	-0.014720856	0.060667903	-0.048911804
motu linkage group 140	-0.008037029	-0.105011295	-0.042711183	0.044098997	0.017514234	0.018970198	-0.1138567	0.075408434	-0.020113503	0.033961108	-0.113850761	0.079205136	-0.045584331	-0.117073574	-0.135933304	-0.027409741	-0.105724315	-0.05149908	0.049772696	0.173748051	0.013569011	-0.162917265	-0.066930592	0.017876699	-0.056936034	-0.082445627	-0.068008401
Eubacterium biforme	0.098412514	0.168516146	0.181917841	0.160129255	0.277491989	0.121589799	0.202560552	0.116198217	0.179016401	0.0972756	0.11403255	0.130046111	0.214053534	0.119477442	0.020532702	0.075447507	0.120157187	0.196439032	0.137024479	0.050903959	0.155916715	-0.020768364	0.209776523	0.154227316	0.19144923	-0.012588251	0.218474498
Rothia mucilaginosa	0.161650137	0.14886606	-0.033481999	-0.045233537	0.047246306	0.144628251	0.126395955	-0.03410418	0.127700533	0.109655053	0.152380369	-0.022725828	0.066591932	0.112185175	0.187714853	0.095637978	0.147547614	-0.022712022	-0.04753192	0.000453509	-0.061834295	0.159464721	0.100192746	0.088059273	0.12331684	-0.013531806	0.121346058
motu linkage group 439	-0.038242827	0.022053896	-0.001915729	0.064646068	0.004582478	-0.046325262	0.040791365	0.076101795	-0.005064718	-0.054020801	-0.0031916	0.10131477	-0.003271358	0.020812337	-0.002877654	-0.00102451	-0.013249882	0.012504686	0.013322743	0.07131457	-0.105612119	0.014132128	-0.01011215	-0.066032675	0.039481406	0.040740038	-0.002178848
motu linkage group 415	0.102400816	0.105348976	0.0809193	-0.013636794	0.129005798	0.107198528	0.046621208	0.021937677	0.10645702	0.10259964	0.040597184	-0.001267931	0.112540751	0.100277711	0.0516474	0.110243567	0.016464103	0.014727754	-0.036432989	0.053135083	0.025529189	-0.0863596	0.145862144	0.087872131	0.073072	-0.007851723	0.132875906
Alistipes putredinis	0.090379291	0.000255162	0.118951361	0.011461132	0.071840679	0.082949293	-0.028426951	0.025549332	0.042813483	0.093352814	-0.013182791	-0.01438615	0.06650136	0.014781249	-0.00058265	0.027658184	-0.013272571	-0.073424258	-0.067073126	0.064604839	0.15889165	-0.104405671	0.081897807	0.078945989	0.056592086	-0.015736152	0.096550938
motu linkage group 134	-0.035157798	-0.127210012	-0.188221693	-0.112835124	-0.102205226	-0.03195218	-0.150658815	-0.120517632	-0.094012329	-0.030435317	-0.059565288	-0.086774251	-0.0293528	-0.10601208	-0.059709283	0.013176038	-0.107936672	0.030855101	-0.05427786	-0.001319344	-0.204622163	0.028453326	-0.164736999	-0.022853152	-0.13326678	-0.083794564	-0.139364126
Enterococcus faecalis	0	0	0	0	0	0	0	0	0	0	0	0	0	0	0	0	0	0	0	0	0	0	0	0	0	0	0
Clostridium spiroforme	0	0	0	0	0	0	0	0	0	0	0	0	0	0	0	0	0	0	0	0	0	0	0	0	0	0	0
Bacteroides coprophilus	0.131563116	0.127010768	0.217467158	0.181165973	0.185881718	0.100648935	0.158909668	0.118237514	0.230166207	0.06533113	0.04523851	0.147747799	0.166808028	0.079275488	-0.046019573	0.030489182	0.102055098	0.079606546	0.051369198	0.135675074	0.120930809	0.156721945	0.150370697	0.080167533	0.30311256	0.034036057	0.253542853
motu linkage group 357	0	0	0	0	0	0	0	0	0	0	0	0	0	0	0	0	0	0	0	0	0	0	0	0	0	0	0
Desulfovibrio piger	0	0	0	0	0	0	0	0	0	0	0	0	0	0	0	0	0	0	0	0	0	0	0	0	0	0	0
motu linkage group 497	-0.00931226	-0.037125979	0.010117576	-0.089812925	-0.002593021	-0.006553352	-0.066070054	-0.095648721	-0.042316795	-0.019593716	-0.088809293	-0.122802463	-0.020408555	-0.043121124	-0.031345484	-0.044638799	-0.070091951	-0.043683526	-0.243175598	0.002548111	0.045023488	-0.090792302	-0.015333217	-0.031760216	-0.054610784	0.013344128	-0.029589925
motu linkage group 120	0	0	0	0	0	0	0	0	0	0	0	0	0	0	0	0	0	0	0	0	0	0	0	0	0	0	0
Megasphaera elsdenii	0.103350318	0.050552256	0.045967884	0.061856381	0.121227924	0.113945416	-0.009383021	0.124739751	0.077578358	0.116667443	0.095055688	0.087847362	0.108576385	0.08058299	0.086179809	0.111093079	0.021076162	0.119103708	0.150375104	0.047267519	-0.034230355	-0.160616431	0.086128246	0.130972228	0.074383433	-0.039607399	0.100229826
Bacteroides uniformis	0.03909666	0.004337755	0.066199018	-0.036988198	0.038968929	0.051300948	-0.002304888	-0.050835269	-0.036147911	0.05265404	-0.009047013	-0.05807742	-0.007153533	0.014262608	-0.026801878	0.025445529	0.030781069	0.03347696	-0.116065671	-0.020542553	0.002319586	-0.063648377	0.032247261	0.032087724	0.007359509	-0.008121885	0.051174518
motu linkage group 168	0.203317675	0.071756095	0.14385928	-0.026752786	0.188642274	0.20190567	0.115544312	-0.073105252	0.174282503	0.203090419	0.043298481	-0.024430198	0.160028988	0.056437942	-0.028852093	0.030773717	0.022097955	0.100437712	-0.126936236	-0.017472758	0.159886561	0.11912223	0.114842665	0.235087875	0.112324453	-0.110787299	0.159354074
Turicibacter sanguinis	0	0	0	0	0	0	0	0	0	0	0	0	0	0	0	0	0	0	0	0	0	0	0	0	0	0	0
motu linkage group 407	0.048939268	-0.009729392	0.032593102	-0.075043121	0.096869573	0.048929982	-0.010036359	-0.064444662	0.063268446	0.056578027	-0.088705256	-0.055870578	0.071839603	-0.040375764	-0.117871259	-0.046285814	-0.08255311	0.027710806	-0.064246756	-0.010090727	0.043608988	0.049969654	0.031173624	0.112209301	-0.029836026	-0.109144044	0.027768871
motu linkage group 529	0	0	0	0	0	0	0	0	0	0	0	0	0	0	0	0	0	0	0	0	0	0	0	0	0	0	0
motu linkage group 507	0.08975021	-0.099819783	-0.045851909	-0.039547702	0.024677791	0.115402536	-0.100470005	-0.032692769	-0.062220582	0.124033754	-0.04640642	-0.057571997	0.027600091	-0.090525864	-0.098792663	0.041379315	-0.013144145	0.019952848	-0.088551748	0	-0.020564888	-0.186550174	-0.055307339	0.097931794	-0.052873073	-0.113635514	-0.010057408
Gemella sanguinis	0	0	0	0	0	0	0	0	0	0	0	0	0	0	0	0	0	0	0	0	0	0	0	0	0	0	0
motu linkage group 104	0.055097627	-0.002551939	-0.039051953	-0.020580511	0.118247024	0.051052093	0.000512261	-0.024235382	0.064612844	0.066652565	0.023266654	-0.004529539	0.09062273	0.016598562	-0.033506531	0.103731142	-0.079645371	0.128860188	0.039373925	-0.023224916	-0.039437888	0.005863083	-0.000767888	0.114358629	-0.016751319	-0.108897616	-0.008067926
motu linkage group 142	-0.036110045	-0.132520092	-0.003036943	0.053025165	-0.085789753	0.000333052	-0.178456002	0.090395366	-0.082965661	0.026554244	-0.182818053	0.075090877	-0.102336632	-0.132649291	-0.150160983	-0.058829326	-0.192358025	-0.162257182	0.066214418	0.11888015	0.010972387	-0.296159476	-0.062452022	-0.006646316	-0.056296625	-0.046367907	-0.044080359
motu linkage group 253	0	0	0	0	0	0	0	0	0	0	0	0	0	0	0	0	0	0	0	0	0	0	0	0	0	0	0
Enterobacter aerogenes	0	0	0	0	0	0	0	0	0	0	0	0	0	0	0	0	0	0	0	0	0	0	0	0	0	0	0
motu linkage group 281	-0.042919719	0.007058848	0.0659728	-0.030958992	-0.059483873	-0.048901809	-0.018630291	-0.021050209	-0.058051087	-0.031796196	-0.024100862	-0.046130856	-0.062707975	0.022318733	0.049848015	-0.017003131	-0.003761444	-0.100019003	-0.109060521	0.013421838	0.036243851	0.016017491	0.04064508	-0.055577879	-0.020021451	0.070734249	-0.007748774
motu linkage group 18	-0.01442336	-0.136681414	-0.198541907	-0.203375846	-0.097249873	0.013671707	-0.197044859	-0.188549711	-0.119433307	0.07266972	-0.091468836	-0.150490655	-0.072681349	-0.15658807	-0.130989547	-0.092933753	-0.113681122	-0.089502382	-0.147691253	-0.074422714	-0.214617348	-0.18442779	-0.180713675	0.039270954	-0.187019184	-0.154908114	-0.160406979
motu linkage group 703	-0.024902217	-0.029694852	0.024504932	0.052399515	0.09255236	0.007637811	-0.039596547	0.091958987	0.008950565	-0.010149383	0.008165031	0.040305033	0.037000122	0.027160883	-0.058604349	0.118634345	-0.092489089	0.098684417	0.139145664	-0.004949626	0.03277906	-0.094214032	0.04212351	0.026673253	-0.013079152	-0.01645654	0
Ruminococcus bromii	-0.077272021	-0.023837446	-0.079226803	-0.171909909	-0.042340791	-0.093579971	-0.078978047	-0.169864864	-0.033478667	-0.069245468	-0.000778967	-0.162175094	-0.015170237	-0.03151972	0.035117158	0.012780334	-0.01928976	-0.067539473	-0.168441566	-0.063700909	-0.047184161	-0.057486658	-0.036506597	-0.078535762	-0.133070581	0.050226601	-0.11116881
motu linkage group 260	0.025071586	-0.123564937	-0.060304878	-0.038430966	0.110711578	0.046766497	-0.155099312	-0.005641117	0.031113513	0.073544874	-0.199602821	-0.019018964	0.003152402	-0.110768302	-0.139343991	-0.132292281	-0.26880168	0.021422188	-0.011450368	0.047113107	0.01793943	-0.081045163	-0.066993052	0.09029619	-0.082130512	-0.157638446	-0.04649157
unclassified Lachnospiraceae	-0.147530368	-0.06378466	-0.07513531	0.050315438	-0.081328433	-0.127188303	-0.073995749	0.097481483	-0.105284413	-0.138733101	-0.006293727	0.035460442	-0.085153296	-0.044619181	0.022225663	-0.059711059	-0.015585315	0.017809148	0.132070063	-0.028995863	-0.040946731	-0.052564186	-0.088071952	-0.147989488	-0.043665272	0.059738501	-0.105573981
motu linkage group 3	0	0	0	0	0	0	0	0	0	0	0	0	0	0	0	0	0	0	0	0	0	0	0	0	0	0	0
motu linkage group 127	0.167258306	0.151500343	0.023820029	-0.024254965	0.181020758	0.143106785	0.116157798	-0.018724448	0.182505754	0.143642622	0.098865194	-0.026407597	0.165267601	0.166951416	0.077297625	0.228742351	-0.033647053	0.123653509	-0.074748683	0.05604102	0.040933841	0.103697733	0.142475423	0.171858549	0.090711411	-0.075983783	0.128222519
motu linkage group 666	0	0	0	0	0	0	0	0	0	0	0	0	0	0	0	0	0	0	0	0	0	0	0	0	0	0	0
motu linkage group 182	0	0	0	0	0	0	0	0	0	0	0	0	0	0	0	0	0	0	0	0	0	0	0	0	0	0	0
motu linkage group 613	0	0	0	0	0	0	0	0	0	0	0	0	0	0	0	0	0	0	0	0	0	0	0	0	0	0	0
motu linkage group 274	0.081206918	0.067294962	0.121333985	-0.051868039	0.15162194	0.064879534	0.013562647	-0.029014047	0.123278431	0.086483555	-0.02655682	-0.019752225	0.125719306	0.072236911	-0.036719057	0.034860834	-0.090329853	0.021453527	-0.061466848	0.006622039	0.10011641	-0.006800604	0.114935795	0.106814623	0.052952226	-0.036291739	0.096123014
motu linkage group 366	0.071965086	0.086119633	0.025312844	-0.157236967	0.096229727	0.06870548	0.01253449	-0.137779087	0.108485154	0.074439144	0.022666985	-0.146690741	0.141561845	0.042042788	0.046934545	-0.00225617	0.015837186	0.043601433	-0.192092918	-0.03126804	0.018034681	-0.031311458	0.091337361	0.081796939	-0.025100403	-0.035196857	0.035986854
Bacteroides clarus	0.021979395	-0.029204881	0.041739674	0.037458096	0.001555987	0.059174038	-0.060878943	0.057975415	0.021066719	0.028367413	-0.006827386	0.042220111	0.054040131	-0.028919757	-0.007694753	-0.023133605	-0.007873278	0.053664514	-0.002567537	0.066403916	0.082115022	-0.170408245	-0.000751099	0.034753305	-0.026811933	-0.033891675	0.003699155
motu linkage group 243	0	0	0	0	0	0	0	0	0	0	0	0	0	0	0	0	0	0	0	0	0	0	0	0	0	0	0
Capnocytophaga sp. oral taxon 329	-0.004809548	0.003412194	0.057345727	-0.036284508	0.024815145	0.009101557	-0.031678651	-0.020546708	0	0.024661359	-0.00604913	-0.043345107	0.050783386	0.002889832	-0.087979826	0.024349338	-0.023287632	-0.010031952	0.048422074	-0.088915303	0.048790342	-0.192877059	0.035080341	0.037460943	-0.031108561	-0.038749297	0.012079879
motu linkage group 520	0.093903278	0.031287465	-0.007075291	-0.029035979	0.102083062	0.094145523	0.014792825	-0.00400376	0.053258252	0.071144182	0.002357483	-0.038876062	0.092628549	0.033899628	-0.032474244	0.051291301	0.003720228	0.030218568	-0.058513336	0.056116066	-0.001469127	-0.028572143	0.056538951	0.074324127	0.024688291	-0.039094836	0.072040346
Campylobacter concisus	0	0	0	0	0	0	0	0	0	0	0	0	0	0	0	0	0	0	0	0	0	0	0	0	0	0	0
Eubacterium ventriosum	-0.047890435	0.102771163	-0.072247075	-0.18061003	-0.074605069	-0.060637791	0.097403431	-0.195254184	-0.034244711	-0.06458309	0.105427839	-0.202650542	-0.067539048	0.078003915	0.040696409	0.066557008	0.086960548	-0.090645085	-0.10883283	-0.173036727	-0.088399503	0.123253285	0.013048194	-0.050116854	-0.057446283	0.008799214	-0.040613735
motu linkage group 164	0	0	0	0	0	0	0	0	0	0	0	0	0	0	0	0	0	0	0	0	0	0	0	0	0	0	0
motu linkage group 460	0	0	0	0	0	0	0	0	0	0	0	0	0	0	0	0	0	0	0	0	0	0	0	0	0	0	0
Victivallis vadensis	0	0	0	0	0	0	0	0	0	0	0	0	0	0	0	0	0	0	0	0	0	0	0	0	0	0	0
motu linkage group 474	-0.005559428	0.034408007	0.043513302	0.000900645	0.123435506	0.035887794	0.026860018	0.028232437	-0.005909513	0.046027629	0.065541666	0.03838119	0.065958104	0.060074467	0.061109171	0.040165374	0.005207566	0.097918241	0.006049937	0.035685867	0.011696237	-0.293752023	0.062533935	0.076019628	-0.043873239	-0.024864709	0.01801387
motu linkage group 634	0	0	0	0	0	0	0	0	0	0	0	0	0	0	0	0	0	0	0	0	0	0	0	0	0	0	0
Pseudomonas fluorescens	0	0	0	0	0	0	0	0	0	0	0	0	0	0	0	0	0	0	0	0	0	0	0	0	0	0	0
Parasutterella excrementihominis	0.036150046	0.061586393	0.054840536	-0.051032562	0.016598301	0.036342873	0.040863466	-0.02021586	-0.006990346	0.053688151	0.03706776	-0.056499022	-0.034783315	0.075684146	0.135627932	0.015083017	-0.003137045	-0.043183064	-0.065968946	0.024052826	0.004685018	0.024244975	0.089168651	0.041148989	0.033316932	0.077151462	0.048879839
Escherichia coli	0.037065664	0.186523447	0.069819277	0.061994304	0.122208682	0.03088266	0.199500854	0.048728108	0.081781444	0.02009502	0.200843698	0.059143061	0.161351906	0.157407331	0.182369303	0.098463136	0.213208325	0.132501247	0.092735888	0.003870336	-0.019136586	-0.021216126	0.152022804	0.04889558	0.109377529	0.073604582	0.137893899
Klebsiella variicola/pneumoniae	-0.089518538	0.024223383	0.064744097	0.041304348	0.058076145	-0.091061078	0.052097786	0.021707622	0.014442261	-0.102960449	0.009438057	-0.031683491	-0.007462733	0.045178321	0.057136365	-0.072711241	-0.001178405	0.044315266	-0.005171863	0.015218742	0.087416962	0.034073418	0.047257736	-0.07438815	0.076776125	0.060899264	0.029980573
Enterobacter cloacae	-0.033339522	0.233847363	0.225789729	0.15647893	0.139252039	-0.052415441	0.259750567	0.156390126	0.126072202	-0.076403348	0.220282303	0.119472633	0.12769929	0.24091869	0.164833322	0.141808516	0.160175402	0.038515693	0.109593697	0.105229721	0.128813155	0.081900087	0.279245324	-0.048386016	0.203150569	0.166654596	0.165174557
motu linkage group 325	0.068824739	0.029424681	-0.01438683	0.01133011	0.120671441	0.061962855	-0.011398582	0.033304942	0.080392704	0.060724536	-0.034253057	0.021828641	0.11175931	0.018362219	0.010903602	0.007274244	-0.066844228	0.019350795	-0.035694141	0.078301398	-0.016424774	-0.080480042	0.039868864	0.082949753	0.005904315	-0.061104706	0.044625863
Fusobacterium ulcerans	0	0	0	0	0	0	0	0	0	0	0	0	0	0	0	0	0	0	0	0	0	0	0	0	0	0	0
Holdemania filiformis	0.137297552	-0.088124823	0.068539238	0.163534795	0.068843884	0.185520393	-0.058622712	0.168890735	-0.030200161	0.186937397	-0.106573788	0.155132423	0.009930642	-0.050334616	-0.111923633	-0.024065756	-0.1587702	0.040294459	0.063240927	0.186514958	0.082284659	-0.122945003	-0.024324456	0.174542355	0.088325618	-0.176334264	0.104949557
Odoribacter splanchnicus	0.206870434	0.054540501	0.066950643	-0.028753517	0.141792027	0.240757957	0.017989902	-0.026432076	0.089272363	0.25424016	0.04383766	-0.071916173	0.15766488	0.060113458	0.077180004	0.011657258	-0.009351787	0.08130458	-0.068186767	0.050192412	0.048009582	-0.048184172	0.107611772	0.238692469	0.077164391	-0.134991427	0.154316024
motu linkage group 176	0.100926368	0.082091784	0.003179412	0.157730725	0.13254854	0.109048419	0.121752888	0.181895394	0.074336912	0.10346795	0.120769154	0.184523425	0.032304108	0.134975196	0.110441709	0.117038219	0.0830411	-0.00345887	0.140135299	0.212919152	-0.050503727	-0.019735838	0.137406593	0.136204942	0.082425975	-0.01742351	0.130695981
motu linkage group 376	-0.038832288	-0.040655459	0.031313239	0.060428111	0.064877658	-0.01756774	-0.088138136	0.097364046	0.053265315	0.008105768	-0.077427966	0.085234878	0.047280019	-0.069414206	-0.122913107	-0.054997261	-0.107986946	0.057014981	0.080291073	0.121436179	0.110505655	-0.138418738	-0.009786702	0.006816799	0.000970432	-0.062439147	-0.013817166
motu linkage group 228	0	0	0	0	0	0	0	0	0	0	0	0	0	0	0	0	0	0	0	0	0	0	0	0	0	0	0
motu linkage group 308	-0.005437211	0.043718307	0.021537456	0.037501185	0.107557402	0.006073571	0.004570707	0.048889681	0.116828191	-0.01271146	0.022451473	0.049132324	0.151000056	0.021598276	-0.036049192	0.087207598	-0.011760074	0.050877696	0.088480116	0.102019359	0.056923192	-0.117249764	0.052985414	0.011211272	0.049519867	0.007247745	0.057889503
motu linkage group 443	-0.01804358	0.020725823	-0.053823408	-0.076961508	0.044141871	-0.038611916	-0.019761806	-0.05936993	0.045031451	-0.023502199	0.023620302	-0.099812041	0.043041018	0.035281481	-0.080159029	0.059534029	-0.091464726	-0.010568334	-0.074022964	-0.051992358	-0.047102748	0.087582374	-0.005197064	-0.009567002	-0.026024234	-0.031439269	-0.036089643
Leuconostoc lactis	0	0	0	0	0	0	0	0	0	0	0	0	0	0	0	0	0	0	0	0	0	0	0	0	0	0	0
Pyramidobacter piscolens	0	0	0	0	0	0	0	0	0	0	0	0	0	0	0	0	0	0	0	0	0	0	0	0	0	0	0
motu linkage group 135	0.023930995	0.033987044	0.109159814	0.04110073	0.174377382	0.046548246	0.03070062	0.059372384	0.060940508	0.057858652	0.019598503	0.058687184	0.096369399	0.05340554	-0.035818933	0.045625069	0.004629469	-0.020753223	0.018824145	0.118661247	0.048721242	-0.232539653	0.115379581	0.069668045	0.045503298	-0.005721153	0.097892839
motu linkage group 103	0.156352168	0.078036252	0.161430424	0.010676448	0.198087968	0.146993202	0.034182072	0.032664588	0.17836492	0.176438211	-0.039662255	0.027438746	0.164562793	0.0615931	-0.024187549	0.058426125	-0.103875376	0.011826232	-0.003984294	0.032853525	0.172474266	-0.048702128	0.153583925	0.192702892	0.100816125	-0.06508547	0.173004846
motu linkage group 536	0.079930084	0.075450215	0.187858961	0.004155906	0.1643877	0.104517663	0.073547971	-0.026615281	0.090259249	0.092530964	0.048389317	-0.016435331	0.12202374	0.090746899	0.029437481	0.007354672	-0.039949236	0.15230581	-0.137721998	-0.031033519	0.131071743	-0.003563144	0.086566337	0.109975017	0.111750843	-0.059932095	0.120393682
Prevotella bivia	0	0	0	0	0	0	0	0	0	0	0	0	0	0	0	0	0	0	0	0	0	0	0	0	0	0	0
motu linkage group 611	0.095095484	-0.072050955	-0.031889886	-0.036626234	0.120074639	0.119724034	-0.086188189	-0.007892939	0.062345362	0.115215658	-0.126316665	0.036538893	0.044582792	-0.116861276	-0.194743513	-0.062160697	-0.093410717	0.077491588	-0.035627404	0.101567469	-0.006015208	-0.045365865	-0.056634507	0.150278184	-0.021644131	-0.165277184	0.01249349
motu linkage group 280	0	0	0	0	0	0	0	0	0	0	0	0	0	0	0	0	0	0	0	0	0	0	0	0	0	0	0
Phascolarctobacterium succinatutens	-0.084484076	0.037337442	0.074457462	0.072542689	0.086653822	-0.08192285	0.029314727	0.083922498	0.020572157	-0.061234805	0.067106825	0.087712572	0.051587867	0.081706075	0.010657269	0.116519524	-0.037989964	0.112871629	0.030627923	-0.012296462	0.043111971	-0.18316146	0.071275638	-0.023440658	0.026353623	0.062597928	0.047002573
Lactobacillus sanfranciscensis	-0.039252647	-0.127687863	-0.04729022	-0.053265623	-0.024239904	-0.02842963	-0.12006695	-0.019267597	-0.108259216	-0.018607203	-0.095401946	-0.010629899	-0.087214574	-0.095709778	-0.087664356	0.021611683	-0.095775503	-0.049108359	0.02812003	0.012869028	0.06170176	-0.183322871	-0.087225451	-0.021169249	-0.120665729	-0.055277096	-0.102681186
Coprococcus catus	0.066516077	0.114871186	0.037370898	-0.022478125	0.200925852	0.054664289	0.096388013	-0.020538855	0.144734171	0.059504666	0.067186861	-0.023820805	0.153708598	0.08600706	0.021202282	0.063838665	0.082796784	0.070489309	-0.030319907	0.075527011	0.01296272	-0.03657044	0.127723463	0.079697009	0.059366372	-0.008180422	0.10536368
motu linkage group 437	-0.040508562	0.028345202	-0.079910495	-0.184664218	-0.142424131	-0.059540451	-0.00568985	-0.179814753	-0.040388665	-0.029027565	0.040200247	-0.183218255	-0.034783315	-0.019379332	0.030008783	-0.021227951	0.063596451	-0.052842434	-0.110144579	-0.124172715	-0.10658417	0.079782884	-0.05582733	-0.057865765	-0.0789355	0.011790589	-0.097759677
Enterobacter cancerogenus	0	0	0	0	0	0	0	0	0	0	0	0	0	0	0	0	0	0	0	0	0	0	0	0	0	0	0
Bacteroides caccae	-0.013201469	-0.011482292	0.068784917	-0.055221817	0.045861393	0.020163059	-0.016646413	-0.053469221	-0.023329503	0.021112489	0.01990343	-0.094842025	0.01404212	0.055753832	0.002330598	0.099569463	-0.081612193	0.009283527	-0.031495207	-0.081872492	0.033633999	-0.108313905	0.035318429	0.045839606	-0.020048317	-0.021319948	0.022940301
motu linkage group 224	0	0	0	0	0	0	0	0	0	0	0	0	0	0	0	0	0	0	0	0	0	0	0	0	0	0	0
Streptococcus thermophilus	0.040377196	0.044195449	-0.001408465	-0.00908007	-0.120998373	0.048655479	0.017017725	0.014633303	-0.044962903	0.054864435	0.068142322	-0.030472248	-0.076483377	0.053955287	0.000952057	0.059053291	-0.039375996	-0.096532596	0.072112565	-0.072647004	0.013897528	0.11890322	-0.018121745	0.000554834	0.048102147	-0.030136841	0.004393818
motu linkage group 241	0.021828742	0.099372825	0.067748892	-0.102497974	0.116112742	0.005938107	0.058029145	-0.077533905	0.098545895	0.023157662	0.024578529	-0.100789032	0.124355683	0.044331642	-0.033300189	-0.026019411	0.011426364	0.106429374	-0.049263814	-0.0849269	0.050740818	-0.005930108	0.098636606	0.07831281	-0.01565927	-0.03234955	0.054061045
Streptococcus australis	0	0	0	0	0	0	0	0	0	0	0	0	0	0	0	0	0	0	0	0	0	0	0	0	0	0	0
motu linkage group 574	0	0	0	0	0	0	0	0	0	0	0	0	0	0	0	0	0	0	0	0	0	0	0	0	0	0	0
Enterobacter asburiae	0	0	0	0	0	0	0	0	0	0	0	0	0	0	0	0	0	0	0	0	0	0	0	0	0	0	0
Bacteroides stercoris	-0.022848697	0.010971967	0.027410531	-0.030215711	-0.095169017	-0.02730946	0.004353677	-0.025549332	-0.107930997	0.007885388	0.084007982	-0.044756911	-0.070740491	0.046936947	0.013983589	0.144928885	0.056196631	-0.116747383	0.049575789	-0.078299874	-0.044072136	-0.067556611	0.042484487	-0.033106382	-0.045933487	0.049238928	-0.030503038
motu linkage group 362	0.063018636	0.017187266	0.1299911	0.102998543	0.241721623	0.07163229	0.036736868	0.103822597	0.122158712	0.093918263	-0.05513537	0.113318858	0.151362842	0.008410205	-0.01816956	-0.068310245	-0.060235193	0.221073454	-0.011640394	0.113638039	0.166731796	-0.101331032	0.089068366	0.154066105	0.100980731	-0.093078886	0.123265284
Weissella cibaria	0.007450642	0.1059613	0.144571054	0.056951594	0.077021348	-0.022471154	0.131528581	0.044061315	0.037619142	-0.00410581	0.088376724	0.045347526	0.029547122	0.1267142	0.001709945	0.09578124	0.044753371	0.045821239	-0.038940982	0.109216967	0.234432005	-0.0290841	0.148342016	0.02840055	0.095703705	0.021228852	0.098767435
motu linkage group 510	0.003749361	-0.038491287	-0.019640585	-0.033248384	-0.022931123	-0.015346683	-0.044846208	-0.03362045	0.004056633	-0.008318277	-0.074440653	-0.044965678	-0.039128678	-0.045957446	-0.070375781	-0.044931894	-0.09383786	-0.027598936	-0.04768291	0.099243652	0.065149405	0.106897968	-0.034287542	0.012894959	-0.054076994	-0.04310653	-0.054515741
motu linkage group 289	0.060840098	-0.070820146	0.125205	0.033759468	0.146505684	0.097364094	-0.056989335	0.066342211	0.025076619	0.097035545	-0.064157603	0.061889835	0.050859415	-0.019341093	-0.098310836	0.004058073	-0.127063241	0.028549076	0.082009366	0.121217257	0.072321194	-0.160763812	0.031918125	0.117076875	-0.003102885	-0.086581671	0.043151974
Prevotella copri	0.055111392	-0.04569112	-0.163748757	-0.013810628	0.01166854	0.045958363	-0.07916414	-0.008958792	0.071297058	0.044276503	0.006723157	0.013058991	0.052743944	-0.049808127	-0.051875241	0.072768284	-0.107632865	0.023358227	-0.011669263	0.047950585	-0.127625045	0.022899661	-0.092937639	0.032099749	-0.006600653	-0.077948534	-0.041358454
