	Negative_factor_1	Positive_factor_1	Excitability.Hostility_factor	Depression.Anxiety_factor_1	Disorganized.cognitive_factor_1	Negative_factor_2	Positive_factor_2	Depression.Anxiety_factor_2	Disorganized.cognitive_factor_2	Negative_factor_3	Positive_factor_2.1	Depression.Anxiety_factor_3	Disorganized.cognitive_factor_3	Positive_factor_4	Delusions	Hallucinatory_behavior	Suspiciousness_and_persecution	Difficulty_in_abstract_thinking	Anxiety	Depression	Poor_impulse_control	Preoccupation	Positive_scale	Negative_scale	General_psychopathology_scale	Composite_scale	Totle
motu linkage group 113	1	1	1	1	1	1	1	1	1	1	1	1	1	1	1	1	1	1	1	1	1	1	1	1	1	1	1
motu linkage group 310	0.240313855	0.825145197	0.024550626	0.156085095	0.223411437	0.245742928	0.376611896	0.197977557	0.425711592	0.225209323	0.454084936	0.226516913	0.129333271	0.576213537	0.558470807	0.69659609	0.153469097	0.856599074	0.208896381	0.988171951	0.106692119	0.7768068	0.423751103	0.124659491	0.487707173	0.093221895	0.991616672
Akkermansia muciniphila	0.380959165	0.295833849	0.619449819	0.778549638	0.782910733	0.765573461	0.642899528	0.628306267	0.149455358	0.754738367	0.697396337	0.85912646	0.353869602	0.473631658	0.904002969	0.299782498	0.530605497	0.935095067	0.144408537	0.701450231	0.339386231	0.034574554	0.968463857	0.854674478	0.207578311	0.78497196	0.407202334
motu linkage group 273	0.755763224	0.591177993	0.143016776	0.540732133	0.087712343	0.736293777	0.567665418	0.534254963	0.11160889	0.84127207	0.697459208	0.627254433	0.201917081	0.611144754	0.285345463	0.45210956	0.8671729	0.186290374	0.975149084	0.317620195	0.127461913	0.273842374	0.391321853	0.344108774	0.271657021	0.636296606	0.241629399
motu linkage group 348	0.978495337	0.034645347	0.543325587	0.903078948	0.981909878	0.529193915	0.013561557	0.874319909	0.543765851	0.364139793	0.055013155	0.775309723	0.47694573	0.025458646	0.04368296	0.300392713	0.124553458	0.73541429	0.803623962	0.414328486	0.619471251	0.001590434	0.18467681	0.472190214	0.305722465	0.06105839	0.371650535
motu linkage group 63	0.773034597	0.751467608	0.893436004	0.695053007	0.73315357	0.53107808	0.907509098	0.848440983	0.802587907	0.781117051	0.826916463	0.72271672	0.454128577	0.865551565	0.088024045	0.464019501	0.675917805	0.652945563	0.097342703	0.967370627	0.427870844	0.419934242	0.67783107	0.770303683	0.969140507	0.971947733	0.805672257
Eubacterium siraeum	0.510525284	0.051297845	0.182250815	0.675915845	0.026542854	0.599979687	0.432356304	0.445457142	0.07107402	0.241569258	0.485776595	0.422275673	0.042142836	0.122729337	0.805841877	0.293417406	0.814744469	0.355747708	0.578610883	0.927994444	0.509692435	0.0707268	0.049445329	0.198263547	0.208943287	0.931871413	0.125885521
Clostridium perfringens	1	1	1	1	1	1	1	1	1	1	1	1	1	1	1	1	1	1	1	1	1	1	1	1	1	1	1
motu linkage group 192	1	1	1	1	1	1	1	1	1	1	1	1	1	1	1	1	1	1	1	1	1	1	1	1	1	1	1
Acidaminococcus intestini	1	1	1	1	1	1	1	1	1	1	1	1	1	1	1	1	1	1	1	1	1	1	1	1	1	1	1
Lactobacillus acidophilus	1	1	1	1	1	1	1	1	1	1	1	1	1	1	1	1	1	1	1	1	1	1	1	1	1	1	1
Lactobacillus fermentum	0.344202342	0.813932385	0.890620361	0.25779869	0.249049471	0.30547675	0.536517942	0.065210791	0.441149204	0.224191376	0.616240283	0.108207669	0.656493086	0.626605107	0.753826404	0.435523622	0.883295491	0.773473197	0.36501525	0.030072852	0.434277718	0.948030807	0.55939661	0.474204441	0.391100989	0.742676846	0.43614872
Pseudoflavonifractor capillosus	0.900464912	0.159528463	0.394510694	0.282916491	0.67916962	0.775814001	0.0732132	0.312066675	0.6134617	0.381287141	0.143867763	0.312916693	0.470333194	0.098528723	0.529395711	0.279163121	0.397309375	0.869386128	0.241548882	0.956395789	0.985645891	0.399328119	0.155543405	0.733275248	0.336192613	0.120572768	0.354127873
motu linkage group 49	1	1	1	1	1	1	1	1	1	1	1	1	1	1	1	1	1	1	1	1	1	1	1	1	1	1	1
Enterococcus faecium	0.028401335	0.65938902	0.822414638	0.352962177	0.299360277	0.034693121	0.686053295	0.220095699	0.218252683	0.028933076	0.796663319	0.243415308	0.159440197	0.92666755	0.447833184	0.949226909	0.867443598	0.41370233	0.091465853	0.205888916	0.984721078	0.059779042	0.632863813	0.01896159	0.362614359	0.081244638	0.355251474
Streptococcus vestibularis	0.44491312	0.13950963	0.792512912	0.511293029	0.936955524	0.643735422	0.291512721	0.63064349	0.654818891	0.736181447	0.283585554	0.327128158	0.974786927	0.065989303	0.144489	0.298766644	0.632959516	0.758958769	0.721824749	0.46880274	0.941366702	0.031658194	0.482751471	0.765869346	0.329357786	0.850868892	0.591740907
motu linkage group 14	1	1	1	1	1	1	1	1	1	1	1	1	1	1	1	1	1	1	1	1	1	1	1	1	1	1	1
Bacteroides plebeius	0.861461006	0.771936143	0.811966226	0.280378832	0.580026123	0.766601935	0.864069794	0.231046879	0.729392848	0.724440552	0.28261146	0.359885244	0.701153401	0.787514894	0.437185461	0.971581589	0.042967832	0.737831327	0.193979873	0.547410238	0.410307334	0.557827991	0.817637851	0.571711172	0.908308821	0.548355858	0.788281572
Veillonella parvula	0.776748025	0.977646107	0.643250041	0.725200996	0.194524344	0.60176363	0.885758966	0.745878099	0.485531389	0.558790465	0.966400043	0.616003292	0.666612416	0.880000314	0.32460921	0.477083755	0.677326776	0.162428841	0.789380024	0.876449589	0.736765532	0.399652764	0.78999801	0.779393069	0.412719581	0.451734526	0.902557734
motu linkage group 254	0.63040523	0.692714232	0.074846824	0.686366737	0.746953131	0.684783219	0.724664781	0.991352381	0.991395747	0.546339527	0.716128873	0.916341298	0.255469497	0.894007722	0.97895206	0.122943766	0.696825514	0.366416421	0.795715001	0.558858762	0.26421349	0.103488096	0.977061668	0.741094927	0.249096883	0.968498892	0.423636616
motu linkage group 624	0.882148424	0.443483835	0.499229823	0.587646908	0.439298236	0.983095441	0.550440292	0.488588835	0.904369823	0.541432044	0.818051801	0.971594546	0.124049025	0.585661262	0.855923455	0.47794628	0.756504955	0.953568058	0.976456877	0.469085824	0.729159222	0.074855785	0.220210403	0.628633024	0.785801307	0.377633856	0.437787478
motu linkage group 240	1	1	1	1	1	1	1	1	1	1	1	1	1	1	1	1	1	1	1	1	1	1	1	1	1	1	1
Lactobacillus johnsonii	1	1	1	1	1	1	1	1	1	1	1	1	1	1	1	1	1	1	1	1	1	1	1	1	1	1	1
motu linkage group 316	0.382895682	0.452773731	0.16594217	0.866403213	0.19101253	0.419862903	0.478175663	0.913298644	0.247433677	0.504985291	0.874854112	0.672603817	0.1498688	0.969284583	0.220925733	0.392554727	0.551642456	0.091405491	0.59424611	0.991165024	0.849744817	0.79143585	0.321094727	0.252196684	0.23127132	0.426236682	0.151746264
Bacteroides intestinalis	0.710069532	0.206012898	0.397681349	0.988087947	0.647026065	0.489062363	0.338900733	0.653554513	0.861144117	0.515307082	0.312422675	0.599592538	0.612749889	0.326848915	0.42608804	0.825876925	0.29611944	0.365816015	0.950447897	0.801458503	0.913525047	0.279905403	0.290608642	0.677085127	0.549506941	0.644866377	0.415897876
motu linkage group 33	1	1	1	1	1	1	1	1	1	1	1	1	1	1	1	1	1	1	1	1	1	1	1	1	1	1	1
Bifidobacterium longum	0.418084995	0.306221959	0.850161132	0.225263694	0.868431201	0.185675909	0.259110972	0.197403589	0.527083792	0.077959233	0.308453281	0.341706656	0.738022528	0.264138962	0.747066724	0.0430232	0.156220504	0.275466148	0.055894528	0.254060398	0.68860641	0.483661314	0.089519441	0.198908349	0.381027353	0.036276871	0.584002161
Alkaliphilus oremlandii	0.663840684	0.736288913	0.935336861	0.942028677	0.502225141	0.64523767	0.398420747	0.57152901	0.361347383	0.7076848	0.761651778	0.727779143	0.392531315	0.874388709	0.332025163	0.52006432	0.423107229	0.193711008	0.449334316	0.749260032	0.953933401	0.072470573	0.688500973	0.645333778	0.408480089	0.64850343	0.711056374
motu linkage group 481	1	1	1	1	1	1	1	1	1	1	1	1	1	1	1	1	1	1	1	1	1	1	1	1	1	1	1
Anaerotruncus colihominis	0.827139143	0.514574504	0.511458059	0.890639796	0.390094207	0.94980617	0.606580575	0.872784946	0.536064141	0.681187443	0.29021388	0.831480497	0.878364295	0.212358242	0.116583984	0.086448725	0.558473275	0.454606333	0.684720313	0.447918178	0.760334206	0.987911052	0.427894843	0.536438054	0.617333733	0.242249348	0.47763676
Butyrivibrio crossotus	1	1	1	1	1	1	1	1	1	1	1	1	1	1	1	1	1	1	1	1	1	1	1	1	1	1	1
motu linkage group 161	1	1	1	1	1	1	1	1	1	1	1	1	1	1	1	1	1	1	1	1	1	1	1	1	1	1	1
motu linkage group 565	1	1	1	1	1	1	1	1	1	1	1	1	1	1	1	1	1	1	1	1	1	1	1	1	1	1	1
Lactobacillus crispatus	1	1	1	1	1	1	1	1	1	1	1	1	1	1	1	1	1	1	1	1	1	1	1	1	1	1	1
Bifidobacterium bifidum	0.626961771	0.454912884	0.232992056	0.812800601	0.506756134	0.728738858	0.7125475	0.897008136	0.21577965	0.858186355	0.187295642	0.784102209	0.150399942	0.342263456	0.535960701	0.114342383	0.687291713	0.477064166	0.446174198	0.623351813	0.384943917	0.889449993	0.608996144	0.683670124	0.880700928	0.88635454	0.844298083
Leuconostoc gelidum	1	1	1	1	1	1	1	1	1	1	1	1	1	1	1	1	1	1	1	1	1	1	1	1	1	1	1
Clostridiales bacterium 1 7 47FAA	0.449803533	0.348760758	0.131028258	0.121151954	0.334995208	0.483668902	0.287910412	0.07035612	0.495069648	0.629667139	0.545649407	0.156552006	0.446033024	0.280776586	0.533578395	0.399929309	0.799645283	0.833508786	0.09106828	0.840848555	0.621906668	0.582159408	0.416731789	0.463758548	0.040899379	0.95933175	0.059334613
Bacteroides finegoldii	0.710749503	0.710612298	0.448648826	0.271693518	0.401534124	0.830504712	0.906235672	0.379388096	0.957295921	0.980085582	0.819000593	0.389937614	0.76256832	0.67565619	0.574484425	0.970973366	0.848038469	0.915098687	0.467447487	0.459998172	0.676871447	0.044307056	0.440732322	0.892195559	0.542045755	0.892233045	0.79477816
Lachnospiraceae bacterium 3 1 57FAA CT1	0.836301598	0.146541663	0.21056146	0.434520473	0.593654395	0.988493206	0.580189692	0.568422626	0.17190463	0.851341754	0.328086298	0.3471587	0.084542327	0.222836015	0.345888987	0.645020264	0.784879678	0.388962231	1	0.358234003	0.988006663	0.64048857	0.076741941	0.661860922	0.541709232	0.164990629	0.269405027
Clostridium bolteae	0.531102263	0.988637131	0.740112996	0.186146873	0.108247027	0.648586031	0.79209005	0.141118436	0.106557266	0.38521171	0.681548638	0.394868894	0.067706262	0.673665042	0.731093043	0.439227476	0.743433273	0.164382454	0.33919623	0.299112012	0.613542625	0.985468448	0.559102565	0.292089342	0.615851743	0.338510269	0.898137346
Bifidobacterium adolescentis	0.175588588	0.952653021	0.292253992	0.63855727	0.949407046	0.222872898	0.729385086	0.600691299	0.664751068	0.202588497	0.782134256	0.740589532	0.672615065	0.94139003	0.422128516	0.59056388	0.959709329	0.594194544	0.513628986	0.595005398	0.435534284	0.189614785	0.855815832	0.283764315	0.485095732	0.371583813	0.268835731
Streptococcus gallolyticus	0.807574735	0.021993109	0.769604064	0.982266063	0.635623174	0.915323581	0.033010149	0.914859528	0.890698472	0.855926823	0.01425643	0.950145978	0.904036811	0.059739623	0.006041363	0.191774444	0.049734529	0.823076621	0.83875569	0.195029199	0.627756553	0.181375919	0.245539117	0.73975864	0.368713422	0.270264853	0.366669363
motu linkage group 411	0.982335121	0.723018627	0.852141796	0.752277333	0.267612825	0.660954739	0.64800751	0.446214361	0.696465008	0.308432785	0.644272838	0.42664773	0.819855385	0.615836292	0.787589053	0.658023332	0.840498873	0.98907797	0.399961817	0.364111429	0.570027903	0.07207359	0.964647237	0.334286352	0.835138045	0.270264853	0.922445906
Clostridium symbiosum	0.139655814	0.627079081	0.649669169	0.472075278	0.384221567	0.144978692	0.519552126	0.536047885	0.240071025	0.061534579	0.760898596	0.621406553	0.258310455	0.378550283	0.402903028	0.862353436	0.728610591	0.82506759	0.490836729	0.918265421	0.905924989	0.550995296	0.925776041	0.069172317	0.712699326	0.036094016	0.792665494
Clostridium ramosum	0.325056668	0.368667629	0.240639788	0.539794906	0.287247879	0.315365165	0.291368111	0.526114255	0.253898939	0.246383828	0.316195732	0.80477777	0.494892852	0.273049159	0.778227413	0.756925679	0.595800531	0.31429875	0.726757204	0.633504116	0.187288867	0.248367317	0.275650158	0.139310232	0.691563478	0.483900782	0.383928259
Methanobrevibacter smithii	0.900410902	0.184470929	0.413553913	0.915957419	0.959702619	0.932154905	0.150452754	0.915788521	0.584939675	0.62020022	0.228417339	0.693770286	0.548087343	0.089793371	0.427864458	0.089121399	0.971131586	0.448357722	0.516887768	0.440138278	0.73048123	0.009853963	0.35921924	0.763882333	0.394817112	0.341646816	0.541685386
Veillonella atypica	0.611016192	0.625993756	0.404923026	0.370519499	0.536301761	0.595857037	0.310273549	0.576431433	0.558892492	0.420280065	0.600029683	0.572977976	0.677810894	0.663824023	0.892335077	0.471505824	0.252727033	0.594911923	0.793317401	0.71340926	0.520330346	0.511650199	0.558954744	0.482575569	0.925806542	0.319453145	0.75822898
Lactococcus lactis	0.910716072	0.245760015	0.869540544	0.585371891	0.892641068	0.989672097	0.178024631	0.324691176	0.920899529	0.914135668	0.090891351	0.651006412	0.497488415	0.202032861	0.201971022	0.131318498	0.291051392	0.43149428	0.604460212	0.905697765	0.808097653	0.522277579	0.412108763	0.951845046	0.383672136	0.733359673	0.498632831
Bifidobacterium dentium	0.770324841	0.42448226	0.272576283	0.646987328	0.115301553	0.840851565	0.631641336	0.465623679	0.299927674	0.587233729	0.245371537	0.912083554	0.10741362	0.444940701	0.22236238	0.423552741	0.491513417	0.087961747	0.627029784	0.835843604	0.205746431	0.985105979	0.725163473	0.88392349	0.862388621	0.869578915	0.71535078
motu linkage group 230	0.743850841	0.014991686	0.069457326	0.150565598	0.191972192	0.946340282	0.005852748	0.289791373	0.029328646	0.416736672	0.120836528	0.385708931	0.106641074	0.046597076	0.318259998	0.388373649	0.091521938	0.523018805	0.410543805	0.983801229	0.311464608	0.045947196	0.055594938	0.55765303	0.006826444	0.095486953	0.028548907
Dorea formicigenerans	0.394062859	0.007745487	0.061064143	0.645899891	0.520917468	0.146008766	0.017929603	0.504252214	0.117206538	0.123457212	0.04822065	0.525864722	0.164004527	0.070667934	0.368899701	0.127049476	0.04135819	0.800943504	0.465246342	0.4511422	0.14078244	0.408749178	0.0151013	0.2267495	0.35649244	0.029576992	0.394430769
motu linkage group 452	0.751262376	0.382145758	0.120792361	0.988189943	0.086947667	0.434363453	0.504287094	0.926137257	0.14196081	0.605843317	0.830279626	0.820589322	0.070831884	0.418254329	0.307159633	0.847907733	0.269412669	0.373995477	0.728908074	0.919324962	0.29031205	0.58699577	0.091803026	0.976472957	0.754076202	0.585480255	0.479479051
Dialister invisus	0.652214046	0.654591556	0.679681791	0.171245576	0.221328282	0.629371043	0.680073311	0.256911726	0.835250737	0.991571873	0.700361106	0.181677554	0.291521995	0.734616253	0.79012932	0.658506073	0.699689786	0.075861101	0.95304835	0.543979044	0.771597585	0.859807011	0.918592292	0.786263256	0.644640062	0.854750712	0.893643236
motu linkage group 190	0.938046259	0.76987493	0.710680015	0.468676511	0.134995465	0.656786471	0.664683512	0.649613119	0.570780578	0.407053949	0.499413281	0.515944396	0.979154201	0.949688723	0.228533038	0.1299517	0.713523325	0.996956006	0.359421239	0.716008908	0.629336242	0.347518551	0.905632349	0.25114519	0.976379794	0.123696686	0.864907745
motu linkage group 573	0.055300415	0.857699824	0.086252923	0.270611706	0.024058751	0.042643491	0.613409176	0.457287154	0.106375593	0.018139192	0.294259124	0.460595224	0.165456601	0.727510167	0.122800605	0.508916073	0.134506666	0.05038214	0.548528155	0.648272798	0.042743204	0.158175185	0.613417297	0.003509888	0.105988102	0.021648208	0.078759814
motu linkage group 226	1	1	1	1	1	1	1	1	1	1	1	1	1	1	1	1	1	1	1	1	1	1	1	1	1	1	1
motu linkage group 379	0.919036078	0.882903895	0.010122289	0.029362264	0.301383606	0.994403966	0.882847695	0.022079341	0.463318738	1	0.475548941	0.010042376	0.633150437	0.991585827	0.661445745	0.524286031	0.842063119	0.313291501	0.203633878	0.007704069	0.040863511	0.455432573	0.133192021	0.955268606	0.143869798	0.406219636	0.501290403
Megasphaera micronuciformis	0.396507898	0.630858661	0.139318892	0.817126866	0.161509308	0.272070598	0.479948605	0.587613821	0.361489635	0.25347788	0.992159175	0.596913743	0.205837068	0.644124728	0.328677807	0.791068482	0.784593025	0.867652374	0.813883816	0.732594188	0.072852519	0.595095591	0.221921387	0.68772584	0.844588264	0.687821692	0.89092656
Streptococcus sanguinis	1	1	1	1	1	1	1	1	1	1	1	1	1	1	1	1	1	1	1	1	1	1	1	1	1	1	1
Citrobacter sp. 30 2	0.295962485	0.026702638	0.612364932	0.652145192	0.62316069	0.231460215	0.028220405	0.635150784	0.800217185	0.185384356	0.03851714	0.810517195	0.683903306	0.009977187	0.016421591	0.065769932	0.778962427	0.743920677	0.309175556	0.835741792	0.633899067	0.521546786	0.034765684	0.324660713	0.448252777	0.093208811	0.582004997
motu linkage group 600	0.286908315	0.564863609	0.384115161	0.055359286	0.628747629	0.526846478	0.997145927	0.023943232	0.325202426	0.277304415	0.456085623	0.058410409	0.23004782	0.815803425	0.152954846	0.479294336	0.534982604	0.765388307	0.272247832	0.343021825	0.141787062	0.093871822	0.96576239	0.255705911	0.9914468	0.25587197	0.745218429
Lactobacillus oris	1	1	1	1	1	1	1	1	1	1	1	1	1	1	1	1	1	1	1	1	1	1	1	1	1	1	1
motu linkage group 552	0.728912398	0.377434239	0.456959826	0.241779906	0.515419189	0.83628717	0.553708854	0.271745783	0.556003303	0.68467165	0.744077023	0.086074377	0.328008949	0.720259439	0.991202338	0.889180012	0.72017894	0.272490552	0.36416264	0.538896368	0.52732888	0.940004554	0.304558237	0.394861406	0.795606657	0.602005736	0.636760034
motu linkage group 389	1	1	1	1	1	1	1	1	1	1	1	1	1	1	1	1	1	1	1	1	1	1	1	1	1	1	1
Clostridium scindens	1	1	1	1	1	1	1	1	1	1	1	1	1	1	1	1	1	1	1	1	1	1	1	1	1	1	1
Coprobacillus sp. 29 1	0.255984966	0.311914397	0.515377604	0.641607512	0.659988054	0.213824138	0.727801623	0.925681977	0.830937958	0.107646188	0.586535781	0.877372405	0.337860887	0.730824707	0.711650175	0.917140616	0.082152149	0.602553762	0.201166226	0.829376361	0.397502243	0.079250021	0.197020912	0.091425101	0.992601858	0.036556806	0.977822382
Bifidobacterium catenulatum-Bifidobacterium pseudocatenulatum complex	0.527545793	0.099290939	0.980462383	0.935751024	0.899031713	0.263791728	0.108015123	0.988790757	0.747846475	0.194130415	0.155318998	0.587599194	0.708992651	0.091549513	0.225092161	0.05175712	0.283916774	0.473832767	0.901272425	0.833359237	0.904303834	0.190885622	0.081264872	0.30636972	0.732325857	0.070112161	0.801728738
Lactobacillus ruminis	0.127154539	0.372954217	0.429544765	0.26422065	0.284165978	0.147234291	0.505845613	0.218626443	0.081807604	0.308498805	0.518879942	0.573471474	0.036396081	0.874388709	0.597854257	0.396705115	0.418029359	0.074640391	0.075066223	0.630037799	0.268518798	0.685152823	0.522355699	0.266017367	0.176812527	0.553737502	0.133930068
Bifidobacterium angulatum	0.025563413	0.497338333	0.662324928	0.949654332	0.614703892	0.027962387	0.331413177	0.849460585	0.428647807	0.008814664	0.5136937	0.902638593	0.502573108	0.468290746	0.129130214	0.52716017	0.727825618	0.742404378	0.728454177	0.441991415	0.570803314	0.861348542	0.860792808	0.017672326	0.592943367	0.057432527	0.267488407
Streptococcus anginosus	0.049100012	0.14532398	0.290056399	0.465005163	0.07180654	0.072923675	0.249676124	0.523989175	0.01288424	0.20041212	0.409795508	0.66689285	0.011931124	0.115914888	0.51849844	0.076937497	0.334457773	0.071015879	0.306411387	0.969713875	0.966368123	0.150255783	0.157975459	0.109691461	0.018131879	0.627600066	0.037246656
Bacteroides dorei/vulgatus	0.88896677	0.617519787	0.031713047	0.187572959	0.963454909	0.602845721	0.997212363	0.274701287	0.399720542	0.504985291	0.661757222	0.271898711	0.193887572	0.980450952	0.918267215	0.245493001	0.939605625	0.439031132	0.753689601	0.227439167	0.19970574	0.802469698	0.877828312	0.654989852	0.337172817	0.72711303	0.373825812
Veillonella dispar	0.970598557	0.941208507	0.437909502	0.952785634	0.988124285	0.99411568	0.807623948	0.829706857	0.949984631	0.994118323	0.932262928	0.69901285	0.65286919	0.695213172	0.476622361	0.687404249	0.488236552	0.769874665	0.700172875	0.71423012	0.045969571	0.067889786	0.742655793	0.819214309	0.748483094	0.833627333	0.819376089
motu linkage group 414	0.580864985	0.046824373	0.281218196	0.826788573	0.15797073	0.782401184	0.092295887	0.695764227	0.146805696	0.971023587	0.049214239	0.935751998	0.046270024	0.048345042	0.606777971	0.004525186	0.375724089	0.872086108	0.473172016	0.447130179	0.939581256	0.308360263	0.009839759	0.563502241	0.678827072	0.463184696	0.106267207
Cronobacter sakazakii/turicensis	0.349627783	0.734490136	0.844240578	0.470493908	0.807803417	0.351518782	0.617955031	0.189956116	0.422914303	0.320951722	0.580384833	0.242047662	0.250509771	0.934717198	0.741426879	0.913738331	0.745276435	0.074320126	0.157935879	0.318836248	0.908433428	0.10946466	0.606488281	0.386481807	0.5428385	0.459824883	0.747127074
Streptococcus salivarius	0.257758007	0.435791288	0.958118439	0.452907088	0.476171459	0.331292916	0.657010837	0.571472199	0.858454834	0.316103283	0.455645794	0.357687638	0.354111003	0.239177391	0.287521915	0.408185279	0.767184766	0.150684054	0.706863963	0.460066456	0.635537221	0.018616413	0.607280903	0.695590576	0.311117897	0.79877047	0.595757723
motu linkage group 70	0.212297022	0.409399858	0.483698367	0.514061054	0.599122399	0.245843615	0.315517821	0.447624893	0.449942739	0.354511013	0.519174936	0.516608734	0.604417742	0.216126019	0.342059806	0.934634423	0.800428194	0.471198726	0.336811956	0.365378648	0.801338194	0.505842453	0.919218923	0.482444232	0.395921273	0.649749531	0.610266358
motu linkage group 566	1	1	1	1	1	1	1	1	1	1	1	1	1	1	1	1	1	1	1	1	1	1	1	1	1	1	1
motu linkage group 625	1	1	1	1	1	1	1	1	1	1	1	1	1	1	1	1	1	1	1	1	1	1	1	1	1	1	1
motu linkage group 696	0.362397845	0.142385908	0.670333897	0.889122523	0.072231597	0.409140618	0.353405843	0.93123993	0.093670307	0.421037499	0.569218645	0.66236749	0.05042116	0.371946151	0.744667139	0.55131923	0.754875939	0.339347884	0.232289655	0.81238856	0.536791688	0.332267625	0.160856532	0.263019067	0.386587461	0.573067522	0.241454475
motu linkage group 42	1	1	1	1	1	1	1	1	1	1	1	1	1	1	1	1	1	1	1	1	1	1	1	1	1	1	1
motu linkage group 233	1	1	1	1	1	1	1	1	1	1	1	1	1	1	1	1	1	1	1	1	1	1	1	1	1	1	1
Streptococcus mutans	1	1	1	1	1	1	1	1	1	1	1	1	1	1	1	1	1	1	1	1	1	1	1	1	1	1	1
Paraprevotella xylaniphila	1	1	1	1	1	1	1	1	1	1	1	1	1	1	1	1	1	1	1	1	1	1	1	1	1	1	1
motu linkage group 24	1	1	1	1	1	1	1	1	1	1	1	1	1	1	1	1	1	1	1	1	1	1	1	1	1	1	1
motu linkage group 270	0.351287792	0.40923011	0.057808123	0.625135622	0.29988258	0.281511628	0.317790852	0.435383857	0.33399018	0.42843247	0.27680731	0.419688227	0.188767393	0.34571841	0.061578694	0.60482985	0.253544644	0.251153724	0.704631237	0.069872959	0.33744875	0.685391364	0.467509956	0.268947339	0.79818947	0.092486153	0.91793621
motu linkage group 288	0.7793068	0.104672448	0.158140547	0.390782584	0.188258589	0.924615418	0.331432197	0.639228476	0.099318459	0.707803218	0.417161929	0.438976091	0.042194487	0.235079281	0.836833709	0.245295915	0.79993417	0.57559982	0.196215524	0.586124006	0.165886495	0.785205896	0.052086698	0.880254063	0.656447225	0.466337299	0.366515486
Stenotrophomonas maltophilia	1	1	1	1	1	1	1	1	1	1	1	1	1	1	1	1	1	1	1	1	1	1	1	1	1	1	1
motu linkage group 490	0.495251032	0.243935081	0.227873039	0.559923997	0.531920618	0.370380847	0.377665214	0.683106002	0.434926017	0.325715656	0.56283069	0.250029461	0.957798415	0.322604979	0.589345986	0.761581891	0.968281041	0.971232518	0.761570336	0.241064266	0.267141546	0.265466055	0.426808196	0.587689555	0.524468143	0.587823473	0.568932524
motu linkage group 502	0.966520347	0.857604449	0.513163507	0.336271049	0.630148318	0.857607038	0.630350688	0.609658637	0.981714977	0.942204254	0.978634846	0.507988691	0.315213732	0.890439174	0.363391364	0.229026595	0.655982083	0.347254934	0.885895241	0.580656622	0.644286455	0.08649211	0.97562536	0.683017917	0.332481037	0.330634019	0.734346186
motu linkage group 45	1	1	1	1	1	1	1	1	1	1	1	1	1	1	1	1	1	1	1	1	1	1	1	1	1	1	1
motu linkage group 636	1	1	1	1	1	1	1	1	1	1	1	1	1	1	1	1	1	1	1	1	1	1	1	1	1	1	1
motu linkage group 320	0.593551578	0.661964432	0.110151202	0.019405287	0.956738426	0.366494867	0.701252522	0.004074829	0.571014338	0.349847501	0.698104001	0.009883484	0.882249846	0.834963768	0.48201302	0.994167547	0.758675111	0.985269573	0.123052213	0.07576199	0.139868481	0.306354273	0.345722249	0.556849986	0.556944693	0.443448155	0.807709098
Haemophilus parainfluenzae	0.316121677	0.54173106	0.841285554	0.260060048	0.499038618	0.155531028	0.74951382	0.413211112	0.534531721	0.311058799	0.662967229	0.403972552	0.721025114	0.627600663	0.97651378	0.190440288	0.62222191	0.859436216	0.618308889	0.603850955	0.837683821	0.153238245	0.450654223	0.250191768	0.905144167	0.150762972	0.988822322
Bacillus anthracis/cereus/thuringiensis	0.482285416	0.50793405	0.994054448	0.857811138	0.931208111	0.51032824	0.244130417	0.624153415	0.512460128	0.60532413	0.676327629	0.907456771	0.685535091	0.967288963	0.87906228	0.475796606	0.381149135	0.420988284	0.367539006	0.949874011	0.907375159	0.015049042	0.740511304	0.820568954	0.189440108	0.849649241	0.542365229
Haemophilus pittmaniae	1	1	1	1	1	1	1	1	1	1	1	1	1	1	1	1	1	1	1	1	1	1	1	1	1	1	1
motu linkage group 131	0.598167619	0.94431929	0.708159244	0.855387325	0.783383428	0.748006766	0.690413021	0.781421698	0.51122745	0.894481288	0.938624826	0.382482786	0.952272375	0.72105156	0.550254677	0.530660218	0.665052401	0.686864603	0.959261454	0.807531205	0.656704959	0.485892953	0.647184272	0.756031764	0.727083299	0.719266274	0.966617424
Bacteroides xylanisolvens	0.727067289	0.306221959	0.089090392	0.546628312	0.907408039	0.886153345	0.274149329	0.696642848	0.891602502	0.574147129	0.243829214	0.949458682	0.94106117	0.164619585	0.58754134	0.679425748	0.143962553	0.409814971	0.855245982	0.973499403	0.55506259	0.529379208	0.23488938	0.732266114	0.309816422	0.414165021	0.248342332
motu linkage group 115	0.936000184	0.938745846	0.377871842	0.245893724	0.269830291	0.994426096	0.713660026	0.557410377	0.475833221	0.647409675	0.955331296	0.274860324	0.236696559	0.905237031	0.559987641	0.410429388	0.675494583	0.121610797	0.367364397	0.408235551	0.633098039	0.29166487	0.652129149	0.620003305	0.411998366	0.412048689	0.57198056
motu linkage group 701	1	1	1	1	1	1	1	1	1	1	1	1	1	1	1	1	1	1	1	1	1	1	1	1	1	1	1
Lactobacillus salivarius	1	1	1	1	1	1	1	1	1	1	1	1	1	1	1	1	1	1	1	1	1	1	1	1	1	1	1
Bacteroides eggerthii	0.694454754	0.378039819	0.171087284	0.235276789	0.467554149	0.828440913	0.449057148	0.197375556	0.632810842	0.871671848	0.30790483	0.310266273	0.84153066	0.50048877	0.743288773	0.744515384	0.212029	0.915615118	0.791267944	0.258837379	0.154216716	0.024408498	0.462386434	0.794325131	0.70807955	0.98535746	0.794508625
motu linkage group 383	0.075233779	0.749638438	0.61093489	0.336731605	0.576988611	0.132154561	0.418289252	0.492133407	0.549754563	0.197271774	0.849957272	0.330006882	0.775343201	0.825300962	0.969924583	0.908797364	0.558767892	0.791885771	0.710905064	0.422520561	0.373398995	0.006975678	0.864327165	0.228520281	0.172052462	0.450481988	0.396168604
motu linkage group 238	0.056121069	0.027345482	0.147660909	0.620134938	0.006594277	0.035619537	0.090428985	0.50956459	0.019414055	0.058234236	0.226624996	0.665277057	0.082852264	0.042875372	0.32878213	0.284989171	0.69126273	0.1598908	0.591395361	0.42148163	0.158619837	0.943880549	0.027561925	0.026279767	0.053581452	0.343746313	0.014102464
Klebsiella oxytoca	0.756573404	0.061518409	0.210719662	0.498717351	0.01295122	0.89629689	0.097064378	0.356571149	0.074930057	0.889237412	0.117013522	0.657036526	0.015561359	0.072991156	0.191735554	0.31341155	0.435647879	0.111287193	0.441637133	0.958365485	0.491027601	0.94137632	0.016955906	0.494627461	0.19266107	0.846845672	0.096702824
motu linkage group 398	1	1	1	1	1	1	1	1	1	1	1	1	1	1	1	1	1	1	1	1	1	1	1	1	1	1	1
Ruminococcus lactaris	0.98025767	0.823677709	0.04726165	0.645802621	0.085526657	0.830109816	0.859108068	0.509452185	0.218568849	0.747679992	0.35003448	0.314115965	0.371226473	0.725191009	0.113255838	0.089991548	0.086772714	0.922127322	0.356609674	0.422676816	0.070156171	0.580389288	0.546711589	0.462800446	0.230101311	0.769693977	0.528324104
motu linkage group 385	1	1	1	1	1	1	1	1	1	1	1	1	1	1	1	1	1	1	1	1	1	1	1	1	1	1	1
motu linkage group 651	0.483866022	0.029998362	0.166679012	0.384609334	0.009150838	0.540971439	0.082264493	0.552259014	0.026973608	0.413662328	0.380816117	0.607063938	0.004393283	0.096159684	0.871820635	0.432840892	0.583940524	0.058863671	0.885726102	0.371511558	0.457571896	0.246284785	0.021872387	0.139589667	0.202428325	0.743112302	0.052249975
motu linkage group 145	1	1	1	1	1	1	1	1	1	1	1	1	1	1	1	1	1	1	1	1	1	1	1	1	1	1	1
butyrate-producing bacterium	0.836846748	0.850426844	0.201631154	0.044246454	0.467807455	0.624921581	0.828507323	0.039573681	0.927610434	0.620148669	0.969289673	0.013432582	0.688147717	0.966493656	0.426448848	0.656094705	0.608425644	0.559842723	0.806877519	0.007615437	0.468457364	0.153904581	0.583338977	0.602956299	0.338929813	0.952693266	0.512038578
Eggerthella lenta	0.882678895	0.668007511	0.240904831	0.130139314	0.929322731	0.675705257	0.540549605	0.094463589	0.966330153	0.437429261	0.732535606	0.262647322	0.881669558	0.413626853	0.520965739	0.251179822	0.991307476	0.249295278	0.110976215	0.08079295	0.167963513	0.905510535	0.466595652	0.460511925	0.253509443	0.240651146	0.476014853
Bacteroides fragilis	0.527513692	0.220257364	0.471070798	0.9079152	0.963451411	0.482699344	0.439993478	0.877174147	0.401632752	0.314735625	0.295295888	0.802549766	0.4469204	0.499254179	0.189470961	0.437341107	0.103672417	0.487236117	0.726117082	0.961725609	0.75679212	0.492590377	0.662288619	0.272962575	0.301528832	0.224545068	0.567309444
Roseburia intestinalis	0.160048921	0.101756103	0.396609773	0.119209409	0.013236832	0.305608222	0.122893702	0.131387468	0.022744886	0.267912848	0.927402051	0.086602483	0.128668514	0.128219752	0.499568421	0.590160201	0.664663588	0.616433206	0.392652215	0.165793587	0.956365829	0.079560682	0.094497999	0.150824398	0.056840496	0.766462217	0.044649
Bifidobacterium breve	1	1	1	1	1	1	1	1	1	1	1	1	1	1	1	1	1	1	1	1	1	1	1	1	1	1	1
motu linkage group 301	0.231475637	0.060280029	0.282164691	0.699266785	0.013517481	0.151643403	0.26421735	0.915147944	0.087868851	0.146851977	0.116081071	0.748605923	0.025598693	0.03549441	0.080296272	0.091837813	0.869607166	0.070501338	0.530582954	0.706238524	0.461308803	0.403902406	0.026987171	0.115366027	0.495753859	0.687452232	0.099535842
motu linkage group 290	0.734687177	0.488859904	0.646418898	0.795165307	0.187016507	0.758382686	0.415149945	0.298043354	0.899795927	0.356327048	0.0886352	0.391690525	0.832533455	0.594307895	0.10730738	0.359437047	0.042033515	0.281391872	0.462911389	0.489638821	0.632858514	0.111433912	0.933110227	0.216076307	0.403740817	0.150097142	0.711342627
Bacteroides ovatus	0.258116111	0.522789084	0.069960878	0.286672502	0.537374852	0.247737525	0.500119395	0.39730474	0.771797203	0.139826069	0.852840754	0.472522327	0.868569178	0.473001509	0.654791686	0.931864409	0.350076054	0.820617925	0.535087298	0.562252595	0.377969689	0.647368437	0.327957637	0.158438732	0.428218707	0.081012372	0.55559363
motu linkage group 151	0.694661137	0.29249776	0.52430615	0.339706176	0.505484575	0.638613269	0.10518584	0.56595511	0.667622659	0.393171078	0.255932709	0.590056573	0.863912869	0.365508744	0.093514808	0.688844835	0.220627502	0.828316287	0.629903741	0.587112484	0.329567456	0.093541	0.801714879	0.415913168	0.688710674	0.522640921	0.842928373
motu linkage group 342	1	1	1	1	1	1	1	1	1	1	1	1	1	1	1	1	1	1	1	1	1	1	1	1	1	1	1
Enhydrobacter aerosaccus	1	1	1	1	1	1	1	1	1	1	1	1	1	1	1	1	1	1	1	1	1	1	1	1	1	1	1
Lactobacillus delbrueckii	1	1	1	1	1	1	1	1	1	1	1	1	1	1	1	1	1	1	1	1	1	1	1	1	1	1	1
Clostridium sp. HGF2	0.042374393	0.49608973	0.490644876	0.692364999	0.059040856	0.053563769	0.698755317	0.889932866	0.065442857	0.02546112	0.427220596	0.644627727	0.324104041	0.586236943	0.209014728	0.81702619	0.241378149	0.285019264	0.351251303	0.609506463	0.099292828	0.141938542	0.919971817	0.016306173	0.350786999	0.025004122	0.29999163
motu linkage group 456	0.97481586	0.454756539	0.946742354	0.350638837	0.699451632	0.994399899	0.778794731	0.275439941	0.983190105	0.715256276	0.237289582	0.635360567	0.681498924	0.196690548	0.193613302	0.021751875	0.634836633	0.669545135	0.605200857	0.34616605	0.585439793	0.727595753	0.264204078	0.689196806	0.643379072	0.244287131	0.546607422
Lactobacillus plantarum	1	1	1	1	1	1	1	1	1	1	1	1	1	1	1	1	1	1	1	1	1	1	1	1	1	1	1
[Ruminococcus] gnavus	0.035942666	0.659418842	0.138286964	0.274950123	0.17977466	0.080318174	0.919166401	0.230301733	0.042006506	0.044037819	0.811588621	0.353602996	0.241694395	0.467979348	0.672939068	0.645313588	0.772517642	0.482088515	0.146852859	0.340199303	0.288322706	0.255041541	0.180163584	0.045494052	0.456519863	0.484508405	0.158164453
Streptococcus pneumoniae	1	1	1	1	1	1	1	1	1	1	1	1	1	1	1	1	1	1	1	1	1	1	1	1	1	1	1
Parabacteroides merdae	0.221857921	0.104414074	0.012996909	0.214721003	0.003177669	0.217692609	0.083732673	0.144958922	0.063530511	0.293437615	0.187013747	0.39802472	0.078940929	0.058254964	0.441522371	0.35803383	0.226800831	0.150978119	0.798413587	0.094513022	0.1206661	0.32048518	0.01718604	0.17781766	0.021058761	0.764091095	0.014493839
motu linkage group 297	0.501941452	0.102514711	0.035546243	0.272567476	0.175261493	0.582900224	0.024974818	0.471662792	0.08867879	0.772457846	0.199686123	0.586667688	0.123113638	0.097701135	0.189877252	0.450379963	0.117793235	0.118673036	0.637756933	0.686359967	0.131664456	0.094997177	0.057004001	0.968719796	0.046625754	0.1858212	0.037841417
Bacteroides thetaiotaomicron	0.900008539	0.290008695	0.035814122	0.86089229	0.929787254	0.750655764	0.305985913	0.770658137	0.85855958	0.740200409	0.682180766	0.83816157	0.585258838	0.273228143	0.929910739	0.814113095	0.916670507	0.272309604	0.511345023	0.973499403	0.149108052	0.055435057	0.397845483	0.610277042	0.101664344	0.418166258	0.226207466
motu linkage group 333	0.118731488	0.017631062	0.161458225	0.07219353	0.006581738	0.1881407	0.038197476	0.093581692	0.000962731	0.427042759	0.222663938	0.057047479	0.001668978	0.144863237	0.484079556	0.031042369	0.526121921	0.057795336	0.209056378	0.205149895	0.638423766	0.962366172	0.032345739	0.097691734	0.009257585	0.817756	0.004641981
motu linkage group 324	1	1	1	1	1	1	1	1	1	1	1	1	1	1	1	1	1	1	1	1	1	1	1	1	1	1	1
Haemophilus influenzae	1	1	1	1	1	1	1	1	1	1	1	1	1	1	1	1	1	1	1	1	1	1	1	1	1	1	1
butyrate-producing bacterium SS3/4	0.924918536	0.823147607	0.466809698	0.203281574	0.727139815	0.629869424	0.758493024	0.221602774	0.861301594	0.955463212	0.910823888	0.227089214	0.675230538	0.935828968	0.964920823	0.384704685	0.971218943	0.700146267	0.544729929	0.128322263	0.402063659	0.065181042	0.853095644	0.66763537	0.461476011	0.607955026	0.50978991
Lactobacillus amylovorus	1	1	1	1	1	1	1	1	1	1	1	1	1	1	1	1	1	1	1	1	1	1	1	1	1	1	1
Ruminococcus sp. SR1/5	0.50715883	0.221542443	0.551960569	0.200737639	0.541968729	0.233660097	0.340100984	0.259485672	0.927598719	0.296575121	0.601967529	0.059050239	0.849189419	0.51717794	0.886327597	0.997157111	0.26330205	0.487207224	0.742591625	0.354132976	0.762325144	0.55776565	0.482459747	0.319693645	0.288618101	0.174553425	0.632736792
Sutterella wadsworthensis	0.321684606	0.639001822	0.487554373	0.321454582	0.019745279	0.335522722	0.63630291	0.293380661	0.077775857	0.281804201	0.219167717	0.063436287	0.045599235	0.329049744	0.516482206	0.267365863	0.368470506	0.098626123	0.166186053	0.277822391	0.558127357	0.212352516	0.114432572	0.649300882	0.409936882	0.288300846	0.388425848
motu linkage group 498	1	1	1	1	1	1	1	1	1	1	1	1	1	1	1	1	1	1	1	1	1	1	1	1	1	1	1
motu linkage group 672	0.930931708	0.383377318	0.851323806	0.598440721	0.568011989	0.981794911	0.15296916	0.783064585	0.956299689	0.622245964	0.048183628	0.793147399	0.944992083	0.210094095	0.296850315	0.121293901	0.060114069	0.973752043	0.570784187	0.847149928	0.394495045	0.036965425	0.763153242	0.559227475	0.606244446	0.289993857	0.691670724
motu linkage group 486	1	1	1	1	1	1	1	1	1	1	1	1	1	1	1	1	1	1	1	1	1	1	1	1	1	1	1
motu linkage group 646	0.637415931	0.700807008	0.825515983	0.773755543	0.102623668	0.677657614	0.504458893	0.991590945	0.484527364	0.89169345	0.858297293	0.767321731	0.740615916	0.355290785	0.595045413	0.761976464	0.618475381	0.170174812	0.342689555	0.72855694	0.939001342	0.450717913	0.774449971	0.72957178	0.796149874	0.809669673	0.78822634
Fusobacterium mortiferum	1	1	1	1	1	1	1	1	1	1	1	1	1	1	1	1	1	1	1	1	1	1	1	1	1	1	1
Lactobacillus gasseri	1	1	1	1	1	1	1	1	1	1	1	1	1	1	1	1	1	1	1	1	1	1	1	1	1	1	1
motu linkage group 51	1	1	1	1	1	1	1	1	1	1	1	1	1	1	1	1	1	1	1	1	1	1	1	1	1	1	1
motu linkage group 122	0.29521198	0.066684547	0.938992659	0.704802819	0.789040157	0.546998507	0.037348124	0.282118962	0.229846989	0.960586096	0.066109567	0.479697705	0.217884761	0.092905277	0.103963161	0.315616221	0.080225789	0.249048702	0.372706754	0.193472533	0.433995597	0.000494047	0.460859389	0.978492245	0.216695154	0.390935722	0.325526857
motu linkage group 268	0.044491206	0.037661777	0.733070201	0.934076231	0.015544963	0.052535349	0.156712931	0.945407885	0.043133994	0.147865884	0.109196512	0.965414909	0.015810995	0.019739502	0.399685661	0.009763767	0.370382139	0.124508541	0.758902742	0.411273911	0.309351582	0.443519294	0.029805077	0.095029007	0.189897933	0.741796446	0.039932394
motu linkage group 517	1	1	1	1	1	1	1	1	1	1	1	1	1	1	1	1	1	1	1	1	1	1	1	1	1	1	1
motu linkage group 562	1	1	1	1	1	1	1	1	1	1	1	1	1	1	1	1	1	1	1	1	1	1	1	1	1	1	1
motu linkage group 218	1	1	1	1	1	1	1	1	1	1	1	1	1	1	1	1	1	1	1	1	1	1	1	1	1	1	1
motu linkage group 47	1	1	1	1	1	1	1	1	1	1	1	1	1	1	1	1	1	1	1	1	1	1	1	1	1	1	1
Oxalobacter formigenes	1	1	1	1	1	1	1	1	1	1	1	1	1	1	1	1	1	1	1	1	1	1	1	1	1	1	1
Ruminococcus sp. 5 1 39BFAA	0.3389003	0.423891552	0.983253381	0.12304974	0.634211488	0.461232729	0.708526505	0.124823266	0.836664163	0.420080086	0.51280095	0.043979693	0.533168647	0.798308352	0.730471192	0.914888788	0.42525231	0.385717506	0.787164035	0.056354242	0.721069993	0.360274529	0.806797922	0.576468002	0.963811776	0.721879679	0.788281572
motu linkage group 258	0.149968391	0.344030565	0.152024232	0.617466851	0.005992054	0.118877226	0.598930923	0.537358153	0.018273235	0.146030935	0.78141438	0.615798824	0.004971055	0.564531815	0.845461501	0.522229884	0.783197105	0.118693179	0.431187437	0.593791363	0.28246376	0.257131227	0.057388186	0.102554261	0.293366787	0.481472492	0.076554305
Aggregatibacter segnis	1	1	1	1	1	1	1	1	1	1	1	1	1	1	1	1	1	1	1	1	1	1	1	1	1	1	1
Streptococcus agalactiae	1	1	1	1	1	1	1	1	1	1	1	1	1	1	1	1	1	1	1	1	1	1	1	1	1	1	1
motu linkage group 491	0.719462476	0.865166167	0.981065095	0.458685695	0.579680065	0.431978022	0.77304013	0.290866849	0.739963652	0.448549814	0.81538586	0.848458948	0.44473595	0.778700626	0.940575652	0.206119684	0.554358668	0.85156859	0.583456317	0.610881152	0.280756479	0.05660683	0.77304476	0.492152551	0.908876528	0.630196236	0.740411982
motu linkage group 346	0.498638041	0.603331253	0.892115151	0.28359243	0.111490782	0.442230296	0.843285002	0.674850218	0.257888495	0.266182719	0.843020848	0.54269415	0.207113224	0.711048357	0.932698616	0.955360024	0.200138564	0.355647396	0.613956679	0.484107636	0.839728656	0.233894834	0.528906924	0.10749263	0.433832527	0.166883386	0.758843541
Anaerostipes caccae	1	1	1	1	1	1	1	1	1	1	1	1	1	1	1	1	1	1	1	1	1	1	1	1	1	1	1
motu linkage group 118	0.598495915	0.463581132	0.12801452	0.957228022	0.734619891	0.714010922	0.996952658	0.926594228	0.630308111	0.699948212	0.768312493	0.592675537	0.474156004	0.917716395	0.485988972	0.671339179	0.470653532	0.139219223	0.242837228	0.645745785	0.250021211	0.600808898	0.622240718	0.663519075	0.580099903	0.813020346	0.722890018
motu linkage group 234	0.703327196	0.729668387	0.91518051	0.6630767	0.7441861	0.591916372	0.561484653	0.550560686	0.644781797	0.918874465	0.834707597	0.957260598	0.549605091	0.54002912	0.911225004	0.775983722	0.62778803	0.752874995	0.496614593	0.660121856	0.959486741	0.737424973	0.922321572	0.947031826	0.787076721	1	0.713404884
Blautia hansenii	1	1	1	1	1	1	1	1	1	1	1	1	1	1	1	1	1	1	1	1	1	1	1	1	1	1	1
motu linkage group 592	0.858372648	0.610358705	0.946529621	0.356563205	0.928225071	0.707173147	0.623289359	0.1842482	0.896362278	0.554444535	0.606976183	0.494933892	0.854237464	0.407880041	0.699313483	0.058904975	0.477324875	0.776744742	0.296114716	0.368250527	0.789003378	0.570782965	0.39621148	0.746325875	0.905309939	0.760524291	0.893611608
Ruminococcaceae bacterium D16	1	1	1	1	1	1	1	1	1	1	1	1	1	1	1	1	1	1	1	1	1	1	1	1	1	1	1
motu linkage group 712	0.533896107	0.241459267	0.78737683	0.469742289	0.00883232	0.692765673	0.200417715	0.381222017	0.114581316	0.614780095	0.243229472	0.46332184	0.233449254	0.12049585	0.800123627	0.073360536	0.742364862	0.237205056	0.374707148	0.407778841	0.823920793	0.667659152	0.341349913	0.203255006	0.497809299	0.573734355	0.4078868
Erysipelotrichaceae bacterium 3 1 53	1	1	1	1	1	1	1	1	1	1	1	1	1	1	1	1	1	1	1	1	1	1	1	1	1	1	1
motu linkage group 212	0.72078217	0.982709528	0.842256392	0.378406807	0.446170862	0.560887246	0.693657997	0.616181116	0.965406208	0.492738418	0.572273047	0.726627826	0.790388603	1	0.966751788	0.97355163	0.378627565	0.49347686	0.37534265	0.836733326	0.590123046	0.094872914	0.630790967	0.400162625	0.595647222	0.590693114	0.806214769
motu linkage group 471	1	1	1	1	1	1	1	1	1	1	1	1	1	1	1	1	1	1	1	1	1	1	1	1	1	1	1
Bacteroides coprocola	0.688087536	0.448504329	0.110593738	0.924597237	0.899017307	0.779930506	0.557166204	0.44589482	0.417475816	0.855950418	0.466551038	0.96628776	0.409942205	0.540080843	0.959073458	0.143082085	0.772829122	0.332874143	0.300035164	0.941143376	0.021288301	0.085582577	0.588084009	0.991642626	0.545921645	0.672789012	0.75887507
motu linkage group 837	0.196680375	0.617946118	0.908212847	0.236051655	0.853265796	0.142533526	0.784890159	0.174216352	0.742580798	0.131454457	0.596300016	0.082544546	0.497218547	0.502348526	0.802329356	0.240599445	0.579190414	0.741920963	0.336435464	0.294234213	0.851946676	0.052377623	0.427631716	0.352872706	0.154717007	0.279211302	0.576990845
motu linkage group 585	0.057149869	0.2816075	0.527352417	0.36041751	0.342161425	0.039567265	0.372489551	0.326162491	0.130208656	0.105910963	0.833060502	0.47974085	0.18603748	0.774805939	0.713211067	0.782790871	0.698208273	0.179934796	0.433009166	0.156476504	0.25957046	0.266471037	0.47062731	0.09351156	0.183047503	0.125651821	0.088055667
motu linkage group 431	0.07265747	0.603099804	0.379312259	0.58390699	0.173215321	0.031569661	0.408575013	0.313144547	0.955862101	0.012584298	0.215707455	0.777517142	0.911206902	0.73382147	0.645289259	0.493706001	0.153253755	0.993937369	0.944738045	0.22420773	0.119393269	0.157192402	0.737082782	0.01867646	0.593062195	0.033783903	0.272401655
Eubacterium eligens	0.629956209	0.614968683	0.171240924	0.521171939	0.127764384	0.545656697	0.644581723	0.405064021	0.401554968	0.417947324	0.70536443	0.425998281	0.476849315	0.63393653	0.459003556	0.615361546	0.515962751	0.925424615	0.155710416	0.469294557	0.956408708	0.517642421	0.294460441	0.400044994	0.777353175	0.974938177	0.527766898
motu linkage group 136	1	1	1	1	1	1	1	1	1	1	1	1	1	1	1	1	1	1	1	1	1	1	1	1	1	1	1
Lactococcus garvieae	1	1	1	1	1	1	1	1	1	1	1	1	1	1	1	1	1	1	1	1	1	1	1	1	1	1	1
motu linkage group 302	1	1	1	1	1	1	1	1	1	1	1	1	1	1	1	1	1	1	1	1	1	1	1	1	1	1	1
motu linkage group 786	1	1	1	1	1	1	1	1	1	1	1	1	1	1	1	1	1	1	1	1	1	1	1	1	1	1	1
[Ruminococcus] obeum	0.115258039	0.075329527	0.855570503	0.710110328	0.093925872	0.232113219	0.170587001	0.66812502	0.036867383	0.21376882	0.176470202	0.352282953	0.027688595	0.392778028	0.722081123	0.600305859	0.044745476	0.443060155	0.604201621	0.973485716	0.677749578	0.877810096	0.12748583	0.232258025	0.228304938	0.820458771	0.125548795
motu linkage group 622	1	1	1	1	1	1	1	1	1	1	1	1	1	1	1	1	1	1	1	1	1	1	1	1	1	1	1
motu linkage group 531	1	1	1	1	1	1	1	1	1	1	1	1	1	1	1	1	1	1	1	1	1	1	1	1	1	1	1
Geobacillus thermoleovorans	1	1	1	1	1	1	1	1	1	1	1	1	1	1	1	1	1	1	1	1	1	1	1	1	1	1	1
motu linkage group 209	1	1	1	1	1	1	1	1	1	1	1	1	1	1	1	1	1	1	1	1	1	1	1	1	1	1	1
motu linkage group 158	0.570496879	0.828676973	0.479439901	0.559304754	0.099587553	0.410502035	0.971687303	0.292586127	0.722612362	0.271676949	0.836627013	0.158736658	0.731352077	0.698315756	0.10462208	0.528960193	0.289595142	0.750456634	0.333473914	0.615449308	0.578889683	0.016432572	0.733317132	0.135430592	0.890023005	0.31572958	0.429468837
motu linkage group 678	1	1	1	1	1	1	1	1	1	1	1	1	1	1	1	1	1	1	1	1	1	1	1	1	1	1	1
motu linkage group 386	0.827496499	0.131671627	0.827134741	0.233434539	0.057417148	0.58096085	0.184430695	0.228860988	0.350873282	0.427870743	0.007315555	0.121697955	0.590826123	0.036850425	0.030812928	0.042972507	0.014402092	0.07398107	0.488700082	0.003348844	0.178924057	0.256932911	0.184439078	0.165590597	0.795152879	0.020208066	0.900447581
Eubacterium rectale	0.732314209	0.969358425	0.320446095	0.089827569	0.491907826	0.997213768	0.65220636	0.060239458	0.947066346	0.756070083	0.39896142	0.037095285	0.711620279	0.687273173	0.344383625	0.988630616	0.300452964	0.627042702	0.165606107	0.279481345	0.640983766	0.274164588	0.695579651	0.700975482	0.436402038	0.402297997	0.714219826
motu linkage group 217	1	1	1	1	1	1	1	1	1	1	1	1	1	1	1	1	1	1	1	1	1	1	1	1	1	1	1
motu linkage group 277	0.975788064	0.556324161	0.849227929	0.101461451	0.824205867	0.746986254	0.197993587	0.201038587	0.984849831	0.499488726	0.216377434	0.215050084	0.785899037	0.359226283	0.965070417	0.418563694	0.098917339	0.557524312	0.253699679	0.373447875	0.426354939	0.030582293	0.799175429	0.445663169	0.250380698	0.283074577	0.641010656
Citrobacter youngae	1	1	1	1	1	1	1	1	1	1	1	1	1	1	1	1	1	1	1	1	1	1	1	1	1	1	1
Erysipelotrichaceae bacterium 5 2 54FAA	1	1	1	1	1	1	1	1	1	1	1	1	1	1	1	1	1	1	1	1	1	1	1	1	1	1	1
Clostridium sp. L2-50	0.863008519	0.900617671	0.760072093	0.341617237	0.340814138	0.897712318	0.691465237	0.480513608	0.888930917	0.997070768	0.634897529	0.324605278	0.486382884	0.851066138	0.92632387	0.295994107	0.227709938	1	0.761873363	0.663864142	0.884281783	0.332350725	0.7885093	0.842827856	0.309223739	0.871696424	0.525661244
Roseburia inulinivorans	0.382895682	0.094384407	0.170260498	0.927394077	0.004451306	0.465491389	0.139441475	0.946794939	0.004120318	0.593319988	0.196542271	0.921454814	0.003594941	0.136825925	0.900835516	0.775645793	0.293766829	0.082137039	0.270517397	0.908902207	0.721069993	0.39902151	0.052927778	0.182354275	0.168026292	0.737617793	0.067104528
Haemophilus haemolyticus	0.948115088	0.486360618	0.876423182	0.421386914	0.631224341	0.681332069	0.630529689	0.576221616	0.841140872	0.896448698	0.759505697	0.528040855	0.87964521	0.717813749	0.736838487	0.363489611	0.521481191	0.926034325	0.470707415	0.653122496	0.58008229	0.174772546	0.411269658	0.775362828	0.833491429	0.417491245	0.968079202
motu linkage group 496	1	1	1	1	1	1	1	1	1	1	1	1	1	1	1	1	1	1	1	1	1	1	1	1	1	1	1
motu linkage group 451	1	1	1	1	1	1	1	1	1	1	1	1	1	1	1	1	1	1	1	1	1	1	1	1	1	1	1
motu linkage group 691	0.583871705	0.752770683	0.486511543	0.74538157	0.142327301	0.364876172	0.924337822	0.633186547	0.586444848	0.247735004	0.941400824	0.629229146	0.372634855	0.883101084	0.584045759	0.912425395	0.865570691	0.225019777	0.903202557	0.43321397	0.204662961	0.187038369	0.775714995	0.163534261	0.626026894	0.139122297	0.504119031
Coprococcus comes	0.635758603	0.310134233	0.409124408	0.132376049	0.490948456	0.453435827	0.308219667	0.117614831	0.876272396	0.630716586	0.755125104	0.063708259	0.418350774	0.602310422	0.858639474	0.783978932	0.44736257	0.653981606	0.703587768	0.291966513	0.701268846	0.864963407	0.259059345	0.856919326	0.550301092	0.598496021	0.957748915
motu linkage group 617	1	1	1	1	1	1	1	1	1	1	1	1	1	1	1	1	1	1	1	1	1	1	1	1	1	1	1
Leuconostoc gasicomitatum	1	1	1	1	1	1	1	1	1	1	1	1	1	1	1	1	1	1	1	1	1	1	1	1	1	1	1
motu linkage group 394	0.620167279	0.601972773	0.538914394	0.787871271	0.381722073	0.839907925	0.410429697	0.815995969	0.573906718	0.530142298	0.72380719	0.815528505	0.667563255	0.290690902	0.911032464	0.988045695	0.587509052	0.897622838	0.499618685	0.586969154	0.405897688	0.135786617	0.729781653	0.501618586	0.719030272	0.62541819	0.892031724
Streptococcus oralis	1	1	1	1	1	1	1	1	1	1	1	1	1	1	1	1	1	1	1	1	1	1	1	1	1	1	1
motu linkage group 652	1	1	1	1	1	1	1	1	1	1	1	1	1	1	1	1	1	1	1	1	1	1	1	1	1	1	1
Mitsuokella multacida	1	1	1	1	1	1	1	1	1	1	1	1	1	1	1	1	1	1	1	1	1	1	1	1	1	1	1
Actinomyces odontolyticus	0.231420147	0.067766886	0.478871605	0.786676871	0.225443244	0.299322254	0.074016944	0.534974973	0.118319921	0.474753484	0.197078575	0.373588908	0.134893226	0.128647808	0.197099012	0.620040705	0.130927837	0.569884328	0.626737019	0.815737809	0.695130534	0.319915669	0.05838965	0.418615498	0.319001056	0.529429262	0.117055344
motu linkage group 391	0.866943037	0.204907684	0.624276318	0.390499797	0.51891721	0.677722515	0.592942046	0.522656786	0.241742694	0.607870781	0.327074551	0.597327723	0.371150838	0.213962702	0.991227318	0.019620328	0.876706019	0.806643949	0.227148891	0.569728557	0.707465529	0.57474173	0.212282179	0.634934541	0.482967233	0.164843123	0.772211622
motu linkage group 568	1	1	1	1	1	1	1	1	1	1	1	1	1	1	1	1	1	1	1	1	1	1	1	1	1	1	1
motu linkage group 559	0.15683647	0.148326235	0.47018273	0.818836729	0.119378832	0.167514188	0.398393184	0.965129374	0.142078578	0.199897645	0.371782673	0.723112514	0.035419641	0.290656007	0.597312139	0.148564251	0.677905781	0.295954248	0.507897774	0.818366939	0.249207973	0.502342491	0.092626877	0.138546976	0.509915042	0.602139601	0.21862164
motu linkage group 525	0.629945616	0.960646639	0.5505572	0.647625692	0.146623462	0.518777158	0.690101135	0.64969308	0.332823585	0.514058236	0.266699834	0.782923916	0.153561121	0.389912731	0.811211045	0.388081753	0.638108934	0.445773868	0.745192755	0.712244953	0.397055745	0.228772554	0.843470749	0.335163353	0.729938828	0.50682675	0.490224414
Dorea longicatena	0.758709132	0.043164077	0.258438718	0.457431389	0.066292517	0.583483812	0.038919704	0.632858321	0.160069694	0.753394091	0.094994812	0.56117383	0.066059745	0.162462155	0.595103044	0.844646055	0.136173633	0.542973596	0.933116127	0.665818287	0.542881355	0.96579148	0.060135886	0.742774502	0.902768948	0.406184131	0.392805952
motu linkage group 458	1	1	1	1	1	1	1	1	1	1	1	1	1	1	1	1	1	1	1	1	1	1	1	1	1	1	1
motu linkage group 495	0.142466484	0.609481485	0.16164951	0.243685101	0.025865151	0.136925016	0.33606825	0.414666158	0.051869709	0.392009573	0.884286751	0.42511231	0.05260333	0.520576336	0.760717351	0.285972398	0.954649892	0.136086518	0.793821908	0.079188301	0.329043587	0.555929279	0.31391739	0.105860831	0.08241088	0.486635255	0.039792418
motu linkage group 550	0.475748057	0.256755854	0.524949182	0.618880297	0.879521893	0.550455679	0.140817714	0.745364504	0.668391155	0.724214775	0.13614345	0.900572962	0.939652041	0.291923444	0.19365062	0.295821708	0.095402469	0.617729559	0.677659542	0.905272843	0.271211536	0.941819022	0.450162089	0.638883192	0.342333551	0.830617127	0.285092574
Clostridium leptum	0.151067328	0.154175768	0.345881503	0.978475954	0.727237179	0.227822082	0.260218481	0.591377158	0.506144545	0.296386588	0.216624549	0.777435072	0.598526691	0.176623049	0.133987587	0.393223267	0.291426992	0.381888997	0.694310433	0.977345064	0.98402552	0.41610138	0.120574325	0.402575334	0.222195417	0.868907269	0.106305969
Streptococcus mitis	1	1	1	1	1	1	1	1	1	1	1	1	1	1	1	1	1	1	1	1	1	1	1	1	1	1	1
motu linkage group 284	0.160587643	0.853165784	0.188377828	0.68433621	0.857349215	0.134112149	0.93039744	0.743942972	0.667344109	0.205149904	0.896964753	0.577942074	0.840945744	0.874832822	0.194504647	0.194720595	0.504479364	0.027869545	0.698941507	0.798967001	0.107337993	0.520062963	0.619820065	0.124534455	0.941574355	0.154506956	0.761571
motu linkage group 327	0.070076242	0.775809808	0.805401106	0.869312004	0.107212504	0.06052524	0.669110056	0.848605012	0.085735763	0.039247157	0.462282708	0.989588719	0.194972922	0.612865204	0.690504353	0.526417856	0.571546153	0.827608617	0.265894039	0.565894347	0.463472723	0.384684229	0.589474589	0.029379802	0.528928034	0.083778295	0.173228003
motu linkage group 307	1	1	1	1	1	1	1	1	1	1	1	1	1	1	1	1	1	1	1	1	1	1	1	1	1	1	1
Streptococcus parasanguinis	0.911369221	0.342919476	0.848733369	0.535189824	0.982645625	0.679513547	0.787496361	0.76704089	0.40228048	0.684920557	0.132338153	0.21812198	0.706442422	0.161286744	0.099552243	0.119427311	0.934939374	0.744617467	0.925265933	0.17419319	0.315338001	0.230857526	0.398327972	0.425292142	0.617727023	0.359945704	0.746756138
motu linkage group 586	0.257586454	0.523322475	0.561393241	0.885246221	0.064937027	0.181919413	0.601942817	0.68420726	0.370817387	0.170615299	0.655663952	0.834907212	0.493951941	0.629800947	0.617382744	0.981721168	0.881957438	0.475912575	0.520381861	0.485398388	0.431248192	0.499262986	0.928342213	0.078181398	0.318630817	0.182188872	0.183899998
Actinomyces viscosus	0.735235401	0.51431575	0.309315044	0.898211443	0.482379734	0.764869512	0.644717837	0.97640214	0.336255068	0.772457846	0.434649354	0.804812789	0.306332255	0.503917889	0.753826404	0.254423637	0.749806201	0.867652374	0.674734344	0.39875995	0.519632811	0.93207442	0.479956823	0.720472432	0.176185664	0.433025286	0.372737588
Fusobacterium varium	1	1	1	1	1	1	1	1	1	1	1	1	1	1	1	1	1	1	1	1	1	1	1	1	1	1	1
Parabacteroides distasonis	0.096637228	0.682852131	0.262933936	0.899596038	0.308402111	0.207444662	0.880580739	0.896604337	0.074168119	0.215311479	0.896964753	0.682913073	0.11553732	0.869318783	0.379091523	0.563857965	0.631335136	0.956944595	0.300110083	0.908902207	0.545336056	0.088936503	0.888859105	0.196478442	0.6779098	0.135284183	0.404546563
Lactobacillus rhamnosus	1	1	1	1	1	1	1	1	1	1	1	1	1	1	1	1	1	1	1	1	1	1	1	1	1	1	1
motu linkage group 349	0.538914778	0.378729839	0.357407334	0.076083751	0.144422064	0.263675665	0.352581303	0.062609065	0.219892406	0.276024426	0.577779483	0.069133165	0.201119185	0.443193543	0.789005439	0.960212305	0.578379827	0.652700428	0.778702839	0.449136667	0.326962655	0.254176212	0.370988446	0.559797419	0.927678789	0.446684951	0.969389887
motu linkage group 644	1	1	1	1	1	1	1	1	1	1	1	1	1	1	1	1	1	1	1	1	1	1	1	1	1	1	1
[Ruminococcus] torques	0.820524517	0.158300165	0.034299287	0.80348457	0.417572693	0.905489473	0.136654891	0.885499084	0.216094228	0.888962763	0.225905109	0.890763387	0.287655681	0.134074652	0.373159651	0.077228936	0.680851989	0.601748149	0.614607998	0.839127108	0.031886661	0.490377393	0.102770671	0.785394938	0.34246715	0.416160054	0.308499308
Streptococcus sp. C150	1	1	1	1	1	1	1	1	1	1	1	1	1	1	1	1	1	1	1	1	1	1	1	1	1	1	1
Lachnospiraceae bacterium 1 4 56FAA	0.243008623	0.396257573	0.547116942	0.392256031	0.326749718	0.186339907	0.256603109	0.281981226	0.379576278	0.101793371	0.209126934	0.582282084	0.340154988	0.261142314	0.477227591	0.481374311	0.238176608	0.510139098	0.685504314	0.576706977	0.67291479	0.979131688	0.400816731	0.132491439	0.861324994	0.070204602	0.908474109
Leuconostoc citreum	1	1	1	1	1	1	1	1	1	1	1	1	1	1	1	1	1	1	1	1	1	1	1	1	1	1	1
motu linkage group 470	0.884811754	0.447970803	0.57008588	0.496410187	0.011718022	0.911747845	0.632888021	0.415409739	0.054391434	0.918547285	0.979550833	0.426613238	0.069802283	0.979547964	0.236169914	0.728064985	0.672639856	0.152314682	0.755412628	0.493819412	0.679413473	0.295421942	0.476328675	0.410797344	0.236227795	0.382476367	0.215326871
motu linkage group 548	1	1	1	1	1	1	1	1	1	1	1	1	1	1	1	1	1	1	1	1	1	1	1	1	1	1	1
Veillonella sp. oral taxon 158	0.099575612	0.036328228	0.65538346	0.781392279	0.813113799	0.175170315	0.105721948	0.651359962	0.252110562	0.179059272	0.069844922	0.975288055	0.434192457	0.028213948	0.432139403	0.016535849	0.409394552	0.531871497	0.627499145	0.626389126	0.81322776	0.285269204	0.168941558	0.163386696	0.251061234	0.684111427	0.074454105
motu linkage group 225	0.621646379	0.669557547	0.829359522	0.890206405	0.128545999	0.51637764	0.78585115	0.602080505	0.351503688	0.463408334	0.893150394	0.636222704	0.42576517	0.915535808	0.536562846	0.347759826	0.979653807	0.910291846	0.297118711	0.834670816	0.196618317	0.925247752	0.50034605	0.496205339	0.584819089	0.807856948	0.345163356
motu linkage group 404	1	1	1	1	1	1	1	1	1	1	1	1	1	1	1	1	1	1	1	1	1	1	1	1	1	1	1
motu linkage group 244	0.321362149	0.214514732	0.162546555	0.073558691	0.737515765	0.495366519	0.046163935	0.184455927	0.241197471	0.850994425	0.136446631	0.21408044	0.122057635	0.328645312	0.539136556	0.1713236	0.020132876	0.839470714	0.376102924	0.097553774	0.575235002	0.442032986	0.065648634	0.951224398	0.043576108	0.265369822	0.072781291
motu linkage group 7	0.466075121	0.897003827	0.324401745	0.937878626	0.059412367	0.35806564	0.601433085	0.689781442	0.190812711	0.393125796	0.53066494	0.817678469	0.052420764	0.811991605	0.98556014	0.383732304	0.992891057	0.048466016	0.946132034	0.565894347	0.042508694	0.156637904	0.67857318	0.277028204	0.429989075	0.701140518	0.506874025
motu linkage group 588	0.279128803	0.039649297	0.626681412	0.472347377	0.496248555	0.397946095	0.137476639	0.464943761	0.409447345	0.382754968	0.081261901	0.228336803	0.162081073	0.104234987	0.467945758	0.181463206	0.400433746	0.187623969	0.308580758	0.559669665	0.257088141	0.448574798	0.149928374	0.268327193	0.432176799	0.930460644	0.270302558
motu linkage group 430	1	1	1	1	1	1	1	1	1	1	1	1	1	1	1	1	1	1	1	1	1	1	1	1	1	1	1
[Clostridium] bartlettii	0.123289054	0.595865671	0.966321254	0.350248261	0.273378694	0.159011722	0.762497812	0.180645684	0.824772376	0.137547553	0.756737846	0.523803233	0.575840498	0.639606534	0.603296936	0.766187697	0.876018499	0.484810172	0.059798967	0.448921939	0.866165713	0.178913569	0.585992035	0.39354348	0.924491576	0.534433881	0.849762325
Alistipes sp. HGB5	0.127109663	0.419791259	0.72672327	0.60964163	0.569736822	0.053194488	0.310387814	0.593635641	0.832958422	0.041934062	0.166359728	0.880584738	0.497936617	0.507353287	0.842852299	0.387825727	0.06159598	0.259715078	0.47551652	0.055871236	0.870548524	0.837980529	0.558304316	0.0618509	0.681489015	0.017541223	0.362271205
Granulicatella adiacens	1	1	1	1	1	1	1	1	1	1	1	1	1	1	1	1	1	1	1	1	1	1	1	1	1	1	1
Streptococcus infantarius	1	1	1	1	1	1	1	1	1	1	1	1	1	1	1	1	1	1	1	1	1	1	1	1	1	1	1
Collinsella aerofaciens	0.52352248	0.635909127	0.803026638	0.590242368	0.112031144	0.434204616	0.359806841	0.804996327	0.516227289	0.541927244	0.696442585	0.598267479	0.250538389	0.857719786	0.917932009	0.982875953	0.733447263	0.224618638	0.874824264	0.040773797	0.466631638	0.646008818	0.787043361	0.360195027	0.459589336	0.479005386	0.526126139
Streptococcus gordonii	1	1	1	1	1	1	1	1	1	1	1	1	1	1	1	1	1	1	1	1	1	1	1	1	1	1	1
Solobacterium moorei	1	1	1	1	1	1	1	1	1	1	1	1	1	1	1	1	1	1	1	1	1	1	1	1	1	1	1
motu linkage group 282	0.713649719	0.209711847	0.840397914	0.884926637	0.798129602	0.90260279	0.612001893	0.653975723	0.649249124	0.81350689	0.572071846	0.811950251	0.767885014	0.422768679	0.078430869	0.830637912	0.846151436	0.864176924	0.992719613	0.637824351	1	0.17422678	0.327364521	0.668516486	0.993029322	0.529373239	0.59734707
motu linkage group 450	0.210840282	0.72626103	0.158545719	0.013640068	0.39169637	0.181308825	0.801655907	0.017178052	0.163257799	0.279420027	0.749742469	0.009832821	0.138046567	0.73630166	0.462526905	0.71293037	0.506149377	0.968024153	0.062633462	0.093367627	0.819109347	0.297378445	0.144934695	0.420220379	0.041769332	0.681846043	0.052069036
motu linkage group 771	1	1	1	1	1	1	1	1	1	1	1	1	1	1	1	1	1	1	1	1	1	1	1	1	1	1	1
Streptococcus infantis	0.676090408	0.62101997	0.69529147	0.804093086	0.457046855	0.74283683	0.906929558	0.704232373	0.14885095	0.790962646	0.971256092	0.789229589	0.653810825	0.655619546	0.723740269	0.85457128	0.460635314	0.867645384	0.246521791	0.662385356	0.906763649	0.7303054	0.729167208	0.850316455	0.486243517	0.896360443	0.650244504
motu linkage group 457	1	1	1	1	1	1	1	1	1	1	1	1	1	1	1	1	1	1	1	1	1	1	1	1	1	1	1
motu linkage group 463	1	1	1	1	1	1	1	1	1	1	1	1	1	1	1	1	1	1	1	1	1	1	1	1	1	1	1
Faecalibacterium prausnitzii	0.922148112	0.086415835	0.374223462	0.866403213	0.55141537	0.930432442	0.087550205	0.681124187	0.44412485	0.688128626	0.191734475	0.714190839	0.78631465	0.120967678	0.10061764	0.263303764	0.421074798	0.55742444	0.715217242	0.195124504	0.461781088	0.104714458	0.054664305	0.966585316	0.482989814	0.264123092	0.496456468
motu linkage group 508	0.158862088	0.249219464	0.790646653	0.660381799	0.026633215	0.154180456	0.617400115	0.813747841	0.050902756	0.13533524	0.619517487	0.681479486	0.040557738	0.64687262	0.929379862	0.928224468	0.606131789	0.235225955	0.431850418	0.708979255	0.797728478	0.345757385	0.187508802	0.043420873	0.617753737	0.241724199	0.13462453
motu linkage group 638	0.601598963	0.664278891	0.441607738	0.829113415	0.269354485	0.80583069	0.533611996	0.789860773	0.741016712	0.887044645	0.158902667	0.886078082	0.431917674	0.277652533	0.69300192	0.171672228	0.515399729	0.806213153	0.78508077	0.369955373	0.242277181	0.072598835	0.938742545	0.776309464	0.689724385	0.549320842	1
Eubacterium hallii	0.293404295	0.647305414	0.276549073	0.019392043	0.65949916	0.463315093	0.883326396	0.022837853	0.825745727	0.358584195	0.705410615	0.007206631	0.614599878	0.850056916	0.953236153	0.519013194	0.902361069	0.579353443	0.126290951	0.458104214	0.895644483	0.34724644	0.745221829	0.450777777	0.448799307	0.277744658	0.703809559
Roseburia hominis	0.52258943	0.782433943	0.530771896	0.260108017	0.857211521	0.543044213	0.466963593	0.492995681	0.538157797	0.642157504	0.379215503	0.42566733	0.624229821	0.855421445	0.777588422	0.620135286	0.243428904	0.759433144	0.235263435	0.770386691	0.481560836	0.533678167	0.899812843	0.698105057	0.246108883	0.88060235	0.318065913
motu linkage group 295	1	1	1	1	1	1	1	1	1	1	1	1	1	1	1	1	1	1	1	1	1	1	1	1	1	1	1
motu linkage group 265	0.647182489	0.852960685	0.29108527	0.852445664	0.345932227	0.644418331	0.953610054	0.701174564	0.83012194	0.721855215	0.997094036	0.895057449	0.167240828	0.821321936	0.362205345	0.499964251	0.922259148	0.793238105	0.289639819	0.617690229	0.526800193	0.007030785	0.400982818	0.833110353	0.830315927	0.910360245	0.85883797
motu linkage group 126	0.436794185	0.058967305	0.213693057	0.191532648	0.170539589	0.884718859	0.218226951	0.256571142	0.136292726	0.980259947	0.282869375	0.130557353	0.026344727	0.057898993	0.772256745	0.008369606	0.832205483	0.997092333	0.973478294	0.10012205	0.723262681	0.758420297	0.028013178	0.67914857	0.832057377	0.473124637	0.196119309
Bilophila wadsworthia	0.70333654	0.825700008	0.065480379	0.184805281	0.409066324	0.564103913	0.822894171	0.187380099	0.649321203	0.600222819	0.858195868	0.662047731	0.560907715	0.883001002	0.702825869	0.945983136	0.633579088	0.451477637	0.709515483	0.59727721	0.072212627	0.262881463	0.339716883	0.557162621	0.213611023	0.858604458	0.108299629
Alistipes shahii	0.106000234	0.952648484	0.096478939	0.896795664	0.112640737	0.077741701	0.861287294	0.904921752	0.334707887	0.077880341	0.533188061	0.677672763	0.198648063	0.869284908	0.811667	0.830701357	0.945334359	0.934008538	0.478945964	0.387630506	0.112929332	0.102354475	0.188853574	0.073240394	0.474206013	0.228488722	0.120570706
Enterobacter hormaechei/cloacae	0.805177121	0.083386682	0.267704697	0.438436049	0.394542167	0.673106815	0.133302227	0.447006445	0.488338006	0.582999871	0.155616081	0.78497174	0.173828441	0.142091188	0.222895527	0.482626038	0.543024998	0.438406594	0.469649199	0.946376978	0.660054785	0.893137192	0.053949991	0.572070627	0.198827956	0.229662825	0.237725831
motu linkage group 306	0.301418412	0.3031455	0.631063899	0.92667199	0.341786347	0.190534042	0.667494077	0.969905715	0.337356199	0.185139417	0.943380278	0.94639014	0.422226622	0.87384421	0.746309333	0.772557369	0.809522073	0.214614119	0.39124302	0.585131002	0.910038056	0.755621171	0.664468683	0.156489921	0.411742464	0.291860985	0.238639854
motu linkage group 504	1	1	1	1	1	1	1	1	1	1	1	1	1	1	1	1	1	1	1	1	1	1	1	1	1	1	1
Prevotella timonensis	1	1	1	1	1	1	1	1	1	1	1	1	1	1	1	1	1	1	1	1	1	1	1	1	1	1	1
motu linkage group 177	0.38608704	0.157127285	0.171663531	0.801137127	0.671831565	0.20617001	0.067794225	0.912304635	0.612236851	0.162741121	0.218592514	0.652098765	0.426164692	0.145785076	0.140506459	0.695919672	0.215278929	0.22344566	0.856346048	0.148266104	0.278101726	0.122397543	0.228055694	0.226642656	0.403858389	0.091495719	0.535283331
Coprococcus eutactus	0.839651792	0.286964606	0.31257556	0.617273583	0.035389793	0.667812264	0.503917104	0.622296905	0.02782612	0.906576353	0.832901306	0.516368276	0.009789606	0.6700477	0.529743682	0.464981264	0.789048428	0.074950606	0.414623407	0.130119919	0.186473277	0.443652205	0.255045962	0.587574252	0.393207204	0.855525152	0.278473653
motu linkage group 207	1	1	1	1	1	1	1	1	1	1	1	1	1	1	1	1	1	1	1	1	1	1	1	1	1	1	1
Fusobacterium periodonticum	1	1	1	1	1	1	1	1	1	1	1	1	1	1	1	1	1	1	1	1	1	1	1	1	1	1	1
motu linkage group 206	0.593329064	0.152211294	0.305347661	0.924609288	0.256419155	0.938762662	0.28977051	0.94399885	0.193642759	0.994430141	0.47091879	0.753966851	0.126506898	0.212695519	0.385076313	0.540042625	0.662433303	0.737830038	0.915733578	0.894288788	0.533296036	0.78318659	0.065593645	0.541253182	0.625116976	0.550681325	0.360849108
motu linkage group 528	1	1	1	1	1	1	1	1	1	1	1	1	1	1	1	1	1	1	1	1	1	1	1	1	1	1	1
motu linkage group 551	0.262547282	0.9554424	0.631738311	0.847144301	0.753762373	0.285264524	0.855835235	0.849574903	0.57610211	0.353173285	0.69506427	0.624496362	0.977529501	0.462272089	0.744291188	0.390583068	0.269585367	0.977029019	0.93892537	0.574766043	0.437751513	0.833009321	0.958205351	0.424040428	0.839584764	0.404258782	0.498664687
motu linkage group 140	0.921930863	0.202444688	0.608361606	0.598781963	0.836432145	0.817940982	0.16834093	0.372625953	0.807905349	0.679374956	0.171612167	0.35329515	0.591210418	0.16109011	0.129667981	0.754333379	0.231243444	0.559235522	0.581072748	0.05630234	0.879908169	0.06453501	0.417762054	0.827941628	0.487374769	0.314699927	0.403971495
Eubacterium biforme	0.225108516	0.038672093	0.027367447	0.053443812	0.000943946	0.135839459	0.013233584	0.164897596	0.02871003	0.23141081	0.166323234	0.123406049	0.01078828	0.148248232	0.817000065	0.383880811	0.168991932	0.024331253	0.124594252	0.571857377	0.079250456	0.811716937	0.010249166	0.058033502	0.018244866	0.876680349	0.006726993
Rothia mucilaginosa	0.052615967	0.075634191	0.692885252	0.595681423	0.583982151	0.084430097	0.132685112	0.691780985	0.129086715	0.189472404	0.072026676	0.793439677	0.440468132	0.186721671	0.039651558	0.283058373	0.100471553	0.800112089	0.604404284	0.996092135	0.498483179	0.075274648	0.233008283	0.292502746	0.139153166	0.871109349	0.143166222
motu linkage group 439	0.632691786	0.783808691	0.981206279	0.429206264	0.955845407	0.564518308	0.612970564	0.356408058	0.949967365	0.500420191	0.968668453	0.223607637	0.968486609	0.798455325	0.97376621	0.990434067	0.87777353	0.884435139	0.879651291	0.421928104	0.2280339	0.869448137	0.900146344	0.410610683	0.621602768	0.610616617	0.978138343
motu linkage group 415	0.195832094	0.185278132	0.31454577	0.866143492	0.11513719	0.177800637	0.558984399	0.788149449	0.182497073	0.195825052	0.613559305	0.98771736	0.169520458	0.213663551	0.550773405	0.192208212	0.846828914	0.862620045	0.67555272	0.545283741	0.768345351	0.309992776	0.067339986	0.268410299	0.355831885	0.920986949	0.091198081
Alistipes putredinis	0.214035761	0.997213723	0.107560048	0.877444302	0.339507101	0.256413022	0.69815595	0.733340589	0.55952712	0.200201864	0.858334053	0.849183984	0.376850976	0.841849032	0.994151749	0.721655368	0.865347911	0.347528476	0.401371725	0.423152815	0.04588511	0.181377038	0.263573848	0.279166736	0.436402038	0.828706823	0.181634722
motu linkage group 134	0.648699227	0.100827721	0.016403245	0.152497282	0.200366656	0.68031791	0.052730764	0.129921799	0.227174767	0.693861383	0.447198811	0.279764898	0.713192696	0.177451316	0.479161673	0.872957533	0.193859934	0.709942667	0.522335105	0.987705955	0.015428645	0.731465698	0.034050475	0.767795455	0.084094284	0.277527764	0.069174426
Enterococcus faecalis	1	1	1	1	1	1	1	1	1	1	1	1	1	1	1	1	1	1	1	1	1	1	1	1	1	1	1
Clostridium spiroforme	1	1	1	1	1	1	1	1	1	1	1	1	1	1	1	1	1	1	1	1	1	1	1	1	1	1	1
Bacteroides coprophilus	0.091455578	0.104817706	0.006051172	0.022950912	0.021134502	0.198815747	0.043092952	0.141318813	0.003420712	0.402875207	0.567655915	0.068469418	0.038643702	0.318068781	0.589247615	0.714139528	0.223939434	0.342131101	0.54891858	0.116731256	0.156453276	0.061308835	0.055450893	0.305165956	0.000100344	0.662349792	0.001063451
motu linkage group 357	1	1	1	1	1	1	1	1	1	1	1	1	1	1	1	1	1	1	1	1	1	1	1	1	1	1	1
Desulfovibrio piger	1	1	1	1	1	1	1	1	1	1	1	1	1	1	1	1	1	1	1	1	1	1	1	1	1	1	1
motu linkage group 497	0.907102518	0.643287862	0.900724885	0.270775446	0.974938689	0.934866828	0.411351235	0.245138229	0.599107366	0.806409183	0.273119575	0.139116771	0.804808199	0.595778373	0.719460443	0.600415015	0.414633667	0.61065771	0.005585705	0.977046073	0.606354109	0.289693682	0.848701857	0.691497129	0.493621002	0.867187217	0.709037495
motu linkage group 120	1	1	1	1	1	1	1	1	1	1	1	1	1	1	1	1	1	1	1	1	1	1	1	1	1	1	1
Megasphaera elsdenii	0.206332368	0.538359738	0.580255869	0.459261931	0.151856312	0.165595788	0.90936516	0.139166247	0.347038112	0.154504157	0.252407172	0.301908035	0.199558074	0.333404737	0.335335413	0.203427743	0.810859292	0.175628739	0.094561127	0.602577644	0.70231162	0.067636096	0.295739101	0.110322928	0.362919133	0.628144658	0.217447035
Bacteroides uniformis	0.590918714	0.952661	0.370473498	0.618711626	0.604387413	0.482742655	0.974915348	0.497861629	0.622229616	0.469979306	0.902505629	0.442676262	0.924266536	0.84732872	0.735989469	0.743102569	0.694127989	0.668428285	0.146463871	0.798967001	0.976748758	0.415197537	0.659787784	0.660039139	0.919382389	0.911085155	0.478959948
motu linkage group 168	0.010839846	0.370744194	0.076108189	0.742881103	0.022287559	0.011807262	0.150808013	0.374373521	0.030384488	0.011082808	0.593131708	0.768568179	0.052646759	0.487490194	0.740939955	0.718019341	0.797034045	0.241755879	0.148028878	0.843595282	0.067269502	0.164781258	0.153042751	0.003311083	0.159125902	0.16500993	0.044477434
Turicibacter sanguinis	1	1	1	1	1	1	1	1	1	1	1	1	1	1	1	1	1	1	1	1	1	1	1	1	1	1	1
motu linkage group 407	0.517194371	0.898010059	0.67124635	0.331102477	0.215114262	0.519298583	0.895143457	0.40816595	0.406488924	0.454860567	0.247632586	0.477200538	0.358167565	0.599847578	0.153584071	0.566124288	0.31009181	0.732952906	0.439209364	0.904176437	0.597982836	0.538145426	0.682073774	0.138696188	0.692853713	0.14858026	0.711516447
motu linkage group 529	1	1	1	1	1	1	1	1	1	1	1	1	1	1	1	1	1	1	1	1	1	1	1	1	1	1	1
motu linkage group 507	0.244977747	0.198031242	0.558924111	0.616142142	0.75725068	0.136828257	0.196552912	0.681296684	0.424264258	0.10878771	0.553846739	0.47343554	0.729701237	0.249608473	0.241795106	0.6156473	0.874321749	0.809985035	0.296754916	1	0.80772636	0.024491314	0.476856672	0.205907187	0.493252796	0.140974629	0.895689418
Gemella sanguinis	1	1	1	1	1	1	1	1	1	1	1	1	1	1	1	1	1	1	1	1	1	1	1	1	1	1	1
motu linkage group 104	0.448811386	0.972142672	0.59731939	0.781873572	0.115965432	0.484920674	0.994424727	0.746599905	0.378554625	0.360459394	0.752766655	0.952262822	0.228547039	0.822731056	0.67341674	0.181570747	0.308949737	0.099260982	0.622322808	0.77341924	0.620267374	0.940178093	0.991637397	0.117011017	0.817823475	0.134371591	0.911138314
motu linkage group 142	0.656181049	0.103879997	0.970613744	0.522389071	0.306534986	0.996739715	0.029031665	0.279868035	0.310589763	0.743856758	0.026454038	0.373588908	0.222794987	0.108392011	0.09051746	0.497067564	0.02763759	0.062828888	0.457914702	0.18666629	0.901683963	0.000679731	0.44459144	0.934885636	0.487499297	0.567520619	0.584443088
motu linkage group 253	1	1	1	1	1	1	1	1	1	1	1	1	1	1	1	1	1	1	1	1	1	1	1	1	1	1	1
Enterobacter aerogenes	1	1	1	1	1	1	1	1	1	1	1	1	1	1	1	1	1	1	1	1	1	1	1	1	1	1	1
motu linkage group 281	0.562431174	0.924448486	0.380965478	0.682618557	0.437577094	0.511318197	0.802979734	0.78291281	0.437338169	0.668437223	0.748719965	0.549482435	0.413379812	0.767431541	0.538231167	0.829796317	0.962379044	0.209112799	0.180492871	0.870266041	0.654894556	0.840497807	0.585992035	0.45453589	0.786936136	0.339733365	0.916189916
motu linkage group 18	0.863802882	0.105646882	0.020174135	0.017955251	0.26355337	0.871460118	0.020062086	0.029696232	0.15911803	0.388366643	0.284096567	0.08543639	0.403627205	0.067534412	0.15443396	0.300808676	0.209358133	0.322297436	0.110320877	0.425308351	0.019787847	0.041287561	0.032856526	0.641454675	0.02608677	0.065407984	0.054877328
motu linkage group 703	0.767737364	0.725919632	0.774932794	0.543162155	0.288661671	0.928174515	0.641250739	0.290328371	0.916194853	0.904374339	0.924035276	0.645970188	0.671585378	0.751843551	0.525212441	0.187786219	0.308457327	0.276490395	0.133574454	0.957832337	0.72264622	0.298556408	0.61989237	0.752453517	0.876689919	0.845245692	1
Ruminococcus bromii	0.289989834	0.745224037	0.285704886	0.021228945	0.575003108	0.202205214	0.283188405	0.02406653	0.649464954	0.343933968	0.991618004	0.032747659	0.840860948	0.671716999	0.659926235	0.869762241	0.806096218	0.389422726	0.035814709	0.431512931	0.554856487	0.463573911	0.619627421	0.283579957	0.068330793	0.491548452	0.125548795
motu linkage group 260	0.751469766	0.120249218	0.453545688	0.634765553	0.176345269	0.556608529	0.051893482	0.944911617	0.696818799	0.353809024	0.013031277	0.817377558	0.969304747	0.169550524	0.107480162	0.117608869	0.001611972	0.801277257	0.895347369	0.591755677	0.836030156	0.340711149	0.400782459	0.25542903	0.299363328	0.04643234	0.554521527
unclassified Lachnospiraceae	0.079334429	0.450188563	0.379324799	0.558221745	0.349792795	0.132255054	0.382570081	0.260998565	0.214518052	0.099609475	0.941246066	0.685270061	0.327840755	0.602429144	0.80907101	0.50617347	0.863357327	0.843874804	0.153330645	0.756093165	0.656604819	0.56083292	0.298369371	0.079289225	0.603430132	0.477379937	0.206383599
motu linkage group 3	1	1	1	1	1	1	1	1	1	1	1	1	1	1	1	1	1	1	1	1	1	1	1	1	1	1	1
motu linkage group 127	0.021627814	0.038357591	0.747541379	0.744443179	0.016219456	0.050496882	0.113457035	0.803057977	0.012966985	0.048978267	0.181191588	0.727345093	0.028260588	0.02438266	0.33140833	0.003251797	0.667648529	0.114061368	0.350241566	0.487692309	0.607440029	0.184863485	0.05205377	0.018616097	0.212736775	0.296707828	0.076417439
motu linkage group 666	1	1	1	1	1	1	1	1	1	1	1	1	1	1	1	1	1	1	1	1	1	1	1	1	1	1	1
motu linkage group 182	1	1	1	1	1	1	1	1	1	1	1	1	1	1	1	1	1	1	1	1	1	1	1	1	1	1	1
motu linkage group 613	1	1	1	1	1	1	1	1	1	1	1	1	1	1	1	1	1	1	1	1	1	1	1	1	1	1	1
motu linkage group 274	0.282502109	0.375322589	0.114095182	0.501741981	0.052345422	0.392834193	0.858639377	0.709605854	0.105786561	0.253305672	0.729251051	0.801584271	0.107833176	0.347933409	0.6566579	0.665637994	0.266719842	0.791660516	0.459264189	0.937029366	0.226060235	0.933229293	0.130965322	0.158693865	0.483296772	0.630988868	0.200493469
motu linkage group 366	0.329851534	0.245735058	0.735920787	0.037201193	0.207677296	0.354552087	0.866260186	0.07040086	0.145323406	0.314422066	0.7624534	0.05619153	0.063938231	0.576213537	0.560947705	0.977169301	0.842063919	0.582769788	0.017948986	0.702655194	0.823421302	0.693047458	0.219460713	0.269461923	0.733878821	0.633641228	0.623898256
Bacteroides clarus	0.790964421	0.725904735	0.620435616	0.658499287	0.985527588	0.477622269	0.466336021	0.497847043	0.801162151	0.732776721	0.935383008	0.62461845	0.52890643	0.732079883	0.932395374	0.793948459	0.929745604	0.547312622	0.977542566	0.470678321	0.365900398	0.055870666	0.992824658	0.676043488	0.746361516	0.682724592	0.96419234
motu linkage group 243	1	1	1	1	1	1	1	1	1	1	1	1	1	1	1	1	1	1	1	1	1	1	1	1	1	1	1
Capnocytophaga sp. oral taxon 329	0.950422038	0.964975404	0.465723005	0.646217722	0.756424132	0.906785785	0.684472925	0.79672597	1	0.750329343	0.938614354	0.590133232	0.52578297	0.970741879	0.298216602	0.768138091	0.779737598	0.903972513	0.569087744	0.300187619	0.564485597	0.020294144	0.652502561	0.629190386	0.687467485	0.616381945	0.875123781
motu linkage group 520	0.201564324	0.671868152	0.924562324	0.69914916	0.179409296	0.202579778	0.841764485	0.957881781	0.472700932	0.334178998	0.974809742	0.611224614	0.223365715	0.65078388	0.686139933	0.513432443	0.962501217	0.702140474	0.4689799	0.491345906	0.985432056	0.717500854	0.445162704	0.313514276	0.736965614	0.594903505	0.324166041
Campylobacter concisus	1	1	1	1	1	1	1	1	1	1	1	1	1	1	1	1	1	1	1	1	1	1	1	1	1	1	1
Eubacterium ventriosum	0.516700223	0.165988248	0.335749945	0.016699131	0.328649914	0.413879873	0.190638863	0.010344698	0.645743151	0.382777727	0.159764715	0.008339555	0.37676155	0.299737022	0.614152346	0.398541268	0.273917001	0.25343071	0.179963284	0.034640627	0.274049355	0.120238678	0.860747002	0.49865698	0.436523869	0.905154918	0.580006072
motu linkage group 164	1	1	1	1	1	1	1	1	1	1	1	1	1	1	1	1	1	1	1	1	1	1	1	1	1	1	1
motu linkage group 460	1	1	1	1	1	1	1	1	1	1	1	1	1	1	1	1	1	1	1	1	1	1	1	1	1	1	1
Victivallis vadensis	1	1	1	1	1	1	1	1	1	1	1	1	1	1	1	1	1	1	1	1	1	1	1	1	1	1	1
motu linkage group 474	0.943425283	0.66196002	0.584709631	0.991024056	0.127658589	0.648473009	0.733698468	0.726737785	0.940388727	0.557600946	0.41000576	0.63769267	0.41585886	0.451543738	0.475610333	0.631124567	0.950765948	0.244973939	0.944004105	0.681420179	0.891525371	0.000483231	0.428034632	0.333278093	0.575331471	0.750923717	0.817003669
motu linkage group 634	1	1	1	1	1	1	1	1	1	1	1	1	1	1	1	1	1	1	1	1	1	1	1	1	1	1	1
Pseudomonas fluorescens	1	1	1	1	1	1	1	1	1	1	1	1	1	1	1	1	1	1	1	1	1	1	1	1	1	1	1
Parasutterella excrementihominis	0.622061886	0.403177014	0.461825518	0.495860589	0.826752856	0.621889855	0.580323777	0.789195449	0.924713618	0.464976725	0.618633835	0.458882744	0.646642851	0.310929266	0.090618975	0.847212469	0.968293274	0.583734129	0.413041854	0.767426272	0.953444978	0.758225284	0.2273258	0.575850108	0.649509037	0.292753643	0.502409443
Escherichia coli	0.610343759	0.01068866	0.344881419	0.404204961	0.104206314	0.672634027	0.006495412	0.515846993	0.264990172	0.782746564	0.006539501	0.434351115	0.032020941	0.033602649	0.021778125	0.204712111	0.00645059	0.090032118	0.245947383	0.961729006	0.80998282	0.785934407	0.037962657	0.502691086	0.132525852	0.311534051	0.056430027
Klebsiella variicola/pneumoniae	0.232205451	0.747596354	0.395195028	0.589572357	0.453572361	0.226501308	0.49024192	0.778737862	0.848461467	0.170231111	0.901278343	0.68437437	0.923315141	0.553866493	0.485437947	0.363359447	0.988341797	0.582130332	0.949927378	0.854711615	0.286428963	0.672047648	0.531168457	0.322239388	0.305378231	0.416322558	0.687214717
Enterobacter cloacae	0.685174326	0.004646397	0.006905849	0.062629235	0.101636424	0.525898803	0.001724146	0.06519666	0.128578262	0.353779901	0.008347346	0.1626421	0.133507895	0.004028599	0.066878419	0.106418266	0.070497498	0.663171065	0.225641388	0.249003357	0.152631307	0.354101689	0.000747857	0.557441865	0.013468532	0.042692032	0.043247919
motu linkage group 325	0.348611174	0.689967033	0.84711816	0.879970777	0.112020112	0.401034444	0.877581323	0.660008602	0.277743144	0.409147132	0.645942095	0.775027305	0.141269616	0.806049207	0.89192879	0.926057706	0.397611309	0.806282185	0.65824741	0.336284162	0.838030952	0.30750604	0.589809457	0.260017328	0.935892558	0.405284107	0.540829001
Fusobacterium ulcerans	1	1	1	1	1	1	1	1	1	1	1	1	1	1	1	1	1	1	1	1	1	1	1	1	1	1	1
Holdemania filiformis	0.092290693	0.282120058	0.408333037	0.049765783	0.414478703	0.023595377	0.475720496	0.044654953	0.713562627	0.022157026	0.19818116	0.067533847	0.90634229	0.544606828	0.209590349	0.782333025	0.070634557	0.645902291	0.480784391	0.03936486	0.356889923	0.160708099	0.767139189	0.032859215	0.278661785	0.03059842	0.195325945
Odoribacter splanchnicus	0.004579271	0.456812703	0.366561332	0.699738656	0.060206691	0.001024205	0.806719066	0.72532097	0.225135125	0.000505547	0.55404242	0.343313953	0.036742421	0.41855547	0.333102357	0.881017286	0.905192679	0.299755435	0.395085689	0.535043076	0.547612845	0.538628634	0.143076135	0.001106997	0.290099679	0.064276352	0.033315922
motu linkage group 176	0.17317329	0.270088895	0.966321254	0.037229648	0.083662845	0.143030408	0.102998588	0.017274157	0.319934463	0.163405137	0.108458964	0.016659231	0.673482346	0.073695385	0.172674444	0.138963831	0.297721366	0.965354411	0.0852816	0.009573696	0.533395436	0.804152136	0.065580637	0.066829481	0.265812462	0.814082101	0.075905911
motu linkage group 376	0.630248389	0.615898679	0.702522238	0.463574541	0.436852716	0.828428139	0.278317046	0.241874258	0.512747896	0.920115513	0.34457608	0.309857563	0.571163772	0.398258906	0.163569178	0.523232472	0.213793121	0.510974496	0.365436214	0.17498956	0.210931497	0.110326401	0.904123582	0.932854095	0.990398759	0.438883155	0.863147511
motu linkage group 228	1	1	1	1	1	1	1	1	1	1	1	1	1	1	1	1	1	1	1	1	1	1	1	1	1	1	1
motu linkage group 308	0.945242467	0.582510008	0.788942086	0.64297922	0.188990029	0.939141534	0.954314757	0.549273388	0.14347323	0.872675208	0.780030004	0.550813657	0.065298966	0.78882054	0.677102765	0.302268327	0.890259574	0.549990548	0.309413695	0.245521	0.511345245	0.168086079	0.506343933	0.887709106	0.531490637	0.927047203	0.461798698
motu linkage group 443	0.806416659	0.779323177	0.471955638	0.306349159	0.562100337	0.60176363	0.789992739	0.434204512	0.544307758	0.750048242	0.75205703	0.192488503	0.572083217	0.638025715	0.319222591	0.44878147	0.248392226	0.89375174	0.360307114	0.524324853	0.558822922	0.268095948	0.944128059	0.896921751	0.72367573	0.669368393	0.621855878
Leuconostoc lactis	1	1	1	1	1	1	1	1	1	1	1	1	1	1	1	1	1	1	1	1	1	1	1	1	1	1	1
Pyramidobacter piscolens	1	1	1	1	1	1	1	1	1	1	1	1	1	1	1	1	1	1	1	1	1	1	1	1	1	1	1
motu linkage group 135	0.746720284	0.647960588	0.1471583	0.587239945	0.022863801	0.531855245	0.680972992	0.437086674	0.414869113	0.435771028	0.794488743	0.446387763	0.208739631	0.479159836	0.65829509	0.564063176	0.95370612	0.794391144	0.817193358	0.148766462	0.547940599	0.00347996	0.122077423	0.348513546	0.539018111	0.938450319	0.18369637
motu linkage group 103	0.037726952	0.301918365	0.034776633	0.889570102	0.01091316	0.051894545	0.652169493	0.67376522	0.018778517	0.019270771	0.60370502	0.725929865	0.034548585	0.42160643	0.768721228	0.467048493	0.199653884	0.883744519	0.961579374	0.693875416	0.036239723	0.546832651	0.042708205	0.010667928	0.180178772	0.387032196	0.020688911
motu linkage group 536	0.291198896	0.321294073	0.014647361	0.957169865	0.035815892	0.16959227	0.3351865	0.733219398	0.237361155	0.222634331	0.52916307	0.834731211	0.119398238	0.23938686	0.722146937	0.927517383	0.624056352	0.061319771	0.098026007	0.711811019	0.113794682	0.965063406	0.256366826	0.147618618	0.139898296	0.428661915	0.109629477
Prevotella bivia	1	1	1	1	1	1	1	1	1	1	1	1	1	1	1	1	1	1	1	1	1	1	1	1	1	1	1
motu linkage group 611	0.224792769	0.359917429	0.688765735	0.64731419	0.138361165	0.128294795	0.274981466	0.922169874	0.430145535	0.142134344	0.112320671	0.653920273	0.58235274	0.14306084	0.02300146	0.457432673	0.268056236	0.357517502	0.679148983	0.242637398	0.944085918	0.589912092	0.472887058	0.055792827	0.782261061	0.034865241	0.872497106
motu linkage group 280	1	1	1	1	1	1	1	1	1	1	1	1	1	1	1	1	1	1	1	1	1	1	1	1	1	1	1
Phascolarctobacterium succinatutens	0.284691959	0.637889743	0.353557012	0.368707657	0.288730362	0.30189528	0.712618354	0.302766569	0.796211647	0.438967278	0.402687943	0.285696119	0.527857746	0.309743951	0.901779443	0.167050118	0.654997863	0.183696432	0.724291482	0.888406059	0.618033165	0.030881489	0.370171381	0.767259387	0.738508762	0.427919612	0.549190566
Lactobacillus sanfranciscensis	0.641552441	0.131707815	0.58109082	0.536517073	0.781091256	0.737226906	0.157690134	0.824663588	0.203103813	0.825675038	0.265231005	0.903570719	0.317617745	0.26516689	0.341923552	0.810371276	0.291583847	0.588135537	0.761762552	0.890657501	0.504074224	0.043100088	0.304384351	0.802338258	0.152276165	0.512061038	0.220373757
Coprococcus catus	0.373746476	0.126235797	0.622902241	0.768634665	0.009373435	0.466940994	0.200898354	0.78995633	0.055015306	0.427081021	0.37625738	0.759427301	0.04696883	0.258810758	0.79534223	0.423906915	0.303613662	0.380465145	0.712209609	0.362528951	0.87415084	0.648912658	0.089911511	0.287953505	0.427123323	0.912884613	0.156236164
motu linkage group 437	0.580700679	0.700421324	0.283616684	0.013728136	0.060377219	0.419110481	0.93863331	0.017404139	0.585074116	0.692802445	0.589297698	0.016308169	0.646642851	0.795284768	0.708106671	0.786257147	0.420346837	0.502536751	0.171722459	0.126817267	0.184121087	0.311099955	0.449733216	0.431436475	0.281621669	0.872261908	0.179788357
Enterobacter cancerogenus	1	1	1	1	1	1	1	1	1	1	1	1	1	1	1	1	1	1	1	1	1	1	1	1	1	1	1
Bacteroides caccae	0.855978859	0.875131407	0.352075707	0.45747506	0.542035001	0.782647583	0.820348709	0.475857919	0.750500801	0.772043332	0.787550463	0.209970893	0.85197362	0.451684882	0.976610136	0.199670705	0.29709732	0.905454441	0.693546428	0.310083983	0.672582808	0.165576717	0.629713189	0.529761465	0.782767204	0.769420143	0.75096385
motu linkage group 224	1	1	1	1	1	1	1	1	1	1	1	1	1	1	1	1	1	1	1	1	1	1	1	1	1	1	1
Streptococcus thermophilus	0.598130026	0.565760229	0.985565829	0.907657209	0.126695233	0.527329688	0.825531836	0.853032281	0.56064503	0.474709215	0.381022131	0.702172904	0.334591596	0.489246001	0.990929923	0.47028183	0.63299359	0.241067325	0.391817107	0.392650835	0.868361591	0.148508696	0.814297984	0.994237984	0.529914539	0.693990832	0.953971559
motu linkage group 241	0.766257541	0.177928185	0.363932455	0.171913889	0.126229044	0.93585673	0.432932477	0.305792672	0.183355507	0.752936715	0.741663945	0.186953943	0.101654577	0.553335203	0.678188741	0.739919597	0.885028719	0.177421216	0.541534442	0.296997548	0.527720544	0.940061584	0.182276781	0.287606713	0.831074736	0.659511518	0.458777669
Streptococcus australis	1	1	1	1	1	1	1	1	1	1	1	1	1	1	1	1	1	1	1	1	1	1	1	1	1	1	1
motu linkage group 574	1	1	1	1	1	1	1	1	1	1	1	1	1	1	1	1	1	1	1	1	1	1	1	1	1	1	1
Enterobacter asburiae	1	1	1	1	1	1	1	1	1	1	1	1	1	1	1	1	1	1	1	1	1	1	1	1	1	1	1
Bacteroides stercoris	0.75342504	0.880638567	0.710764973	0.68433621	0.205765368	0.70866674	0.952637919	0.733340589	0.141266763	0.91383515	0.255341978	0.55411313	0.347194136	0.526347255	0.860361282	0.06193848	0.472776536	0.135261239	0.535087298	0.331671333	0.579743464	0.387142163	0.561945521	0.649956292	0.527582426	0.498406777	0.673028118
motu linkage group 362	0.432187664	0.831140377	0.110911929	0.209059653	0.003583138	0.374282524	0.649591566	0.209565952	0.131206427	0.242674148	0.49859196	0.174622344	0.068305826	0.918037516	0.835952669	0.425312543	0.48564189	0.010386332	0.895037934	0.20188101	0.057711909	0.239873258	0.270365968	0.055542902	0.208025576	0.245960396	0.122079651
Weissella cibaria	0.928406154	0.203383777	0.086288912	0.501584189	0.369236773	0.787413843	0.115529231	0.606420476	0.652912159	0.960586096	0.293966717	0.599193302	0.730633158	0.133594205	0.98495962	0.279517006	0.616267017	0.607365428	0.669422515	0.235435407	0.009841153	0.744171455	0.07571098	0.732739485	0.24829377	0.797928462	0.230663412
motu linkage group 510	0.960339625	0.611324983	0.797703824	0.666077255	0.768695036	0.839479749	0.555056316	0.665419786	0.957462146	0.912319525	0.330898888	0.566430719	0.61597741	0.549547682	0.393190056	0.576710391	0.247562227	0.733433397	0.565053396	0.235383073	0.42983259	0.186890371	0.651609145	0.864598001	0.473097714	0.567480933	0.466859469
motu linkage group 289	0.445820696	0.377017336	0.122654262	0.678906503	0.075907851	0.224681563	0.478567768	0.420166518	0.755407774	0.224886931	0.428532769	0.45601241	0.537985751	0.811930423	0.259945874	0.962020267	0.139186281	0.739329292	0.350017542	0.171078511	0.407839648	0.06082278	0.691276376	0.143521345	0.968973697	0.2778925	0.586320548
Prevotella copri	0.448804201	0.531907288	0.026792674	0.852635614	0.876757294	0.529624645	0.280318125	0.904944282	0.331334465	0.543623512	0.927492983	0.863000559	0.483522897	0.501512677	0.514168233	0.348784909	0.169246139	0.765138211	0.883964	0.552328753	0.108930639	0.769490777	0.204712153	0.660032248	0.92769639	0.284009261	0.567339765
