	Speed	Hopkins	Wechsler	NAB	BVMT.R	MSCEIT
motu_linkage_group_113	0.36706901761007	0.369854476736554	0.370312622139295	0.36944287270588	0.369292011429051	0.370129627266507
motu_linkage_group_310	0.000972394408158439	0.612097173216634	0.418558521792557	0.241074021189597	0.184891454086186	0.0183603788129898
Akkermansia_muciniphila	0.0426147869855359	0.117449153424093	0.0241242533195273	0.0249711918811351	0.75883612572334	0.349813724011879
motu_linkage_group_273	0.0131235889145642	0.50573638067713	0.187881849610004	0.0343253032785248	0.568476734463627	0.136692673606131
motu_linkage_group_348	0.365829279040011	0.427363823141318	0.0207983829242467	0.0674464855819293	0.503814764352358	0.015278125940272
motu_linkage_group_63	3.1875657072411e-05	0.091100629639287	0.567167454309876	0.295451908776042	0.095214352977667	0.277812513140778
Eubacterium_siraeum	0.0016595655940389	0.0818606905614507	0.0346583597005184	0.0312458208944443	0.0877997209764257	0.0300356519359329
Clostridium_perfringens	0.398304732972108	0.474641186433119	0.4704990395837	0.274459551966196	0.249791102065768	0.351446167655716
motu_linkage_group_192	0.442352573570502	0.372634864306317	0.312291402746787	0.25252689099727	0.469367698645283	0.355469218010909
Acidaminococcus_intestini	0.05431072312467	0.453764385903272	0.448326179380788	0.17659313257759	0.203485682953497	0.413904965294567
Lactobacillus_acidophilus	0.391646317480948	0.344879597358165	0.389010572816065	0.389990532427761	0.380749798451468	0.349490529605616
Lactobacillus_fermentum	0.0332620592222431	0.532507837357053	0.174084074949699	0.179603097542022	0.207303747395751	0.458457986733446
Pseudoflavonifractor_capillosus	0.0931226721222627	0.302269974484897	0.508217347548344	0.133614509290041	0.253188834350396	0.656401675452817
motu_linkage_group_49	0.391183092723548	0.371227942571526	0.391557310087331	0.392136148638064	0.392501853768871	0.377375274320632
Enterococcus_faecium	0.0517915502235298	0.81597767112697	0.912269055090931	0.808653728511718	0.658209332888947	0.474278778480344
Streptococcus_vestibularis	0.183624592956373	0.268168740859611	0.298849799984213	0.565810113806648	0.125293086742121	0.11383085527382
motu_linkage_group_14	0.560742999797237	0.485374037252212	0.483846425371389	0.22274498321337	0.322587619648658	0.125717301930843
Bacteroides_plebeius	0.158958723231083	0.120252077786163	0.526124292739306	0.182553764970968	0.324824330014633	0.216751271278686
Veillonella_parvula	0.0966889649567437	0.00120014921138645	0.0107638554682468	0.0674555987282557	0.0622897340868133	0.0052677659215612
motu_linkage_group_254	0.28400402866547	0.496147282377788	0.0352878374453377	0.887486825409704	0.705727289764895	0.319658688459132
motu_linkage_group_624	0.034816885209667	0.527498915707024	0.636289829609939	0.0748993156768393	0.747160176790187	0.272625514679485
motu_linkage_group_240	0.0751057352067699	0.534851136982509	0.430042777526462	0.242826952473236	0.308002694057624	0.446331383081864
Lactobacillus_johnsonii	0.36706901761007	0.369854476736554	0.370312622139295	0.36944287270588	0.369292011429051	0.370129627266507
motu_linkage_group_316	0.765883313649003	0.834715480356462	0.822928156197672	0.649470401189926	0.89320444568131	0.0271487947543745
Bacteroides_intestinalis	0.0350480959289662	0.690758871485566	0.00266629359984449	0.0526174224349363	0.898339673121198	0.550319877384741
motu_linkage_group_33	0.412663140288689	0.466405719712327	0.429504967219556	0.434522796368665	0.440403710209842	0.321861974034859
Bifidobacterium_longum	0.00829976574235847	0.432825276263335	0.0379848837574475	0.116577357410178	0.603207901068135	0.888569953170904
Alkaliphilus_oremlandii	0.0390858700231231	0.338180508451724	0.618411380940101	0.550928860746341	0.308756916305941	0.603074973244597
motu_linkage_group_481	0.403347961634405	0.433087338220138	0.381151478370285	0.439680497461498	0.384200411259964	0.388322059176844
Anaerotruncus_colihominis	0.00932844894591511	0.36484531333983	0.110482179807369	0.273380093458248	0.15140109370455	0.621684959244634
Butyrivibrio_crossotus	0.440805370221096	0.405889332945146	0.40550575021731	0.436675861377738	0.395365474984266	0.35777826223636
motu_linkage_group_161	0.296027941090738	0.227863273613974	0.457796647498167	0.320480582355809	0.501822558420823	0.503004453976322
motu_linkage_group_565	0.398702334825683	0.34529434689184	0.352084052639515	0.385250522144057	0.433370826629947	0.386394334283219
Lactobacillus_crispatus	0.0456340190018976	0.139959949594257	0.367249367999709	0.13464426813021	0.0971359794256841	0.2576570233541
Bifidobacterium_bifidum	0.0880577118399982	0.656565289726291	0.747012331816321	0.449663025776884	0.504867708243373	0.640554671835289
Leuconostoc_gelidum	0.364034643896518	0.404561121130566	0.347995297625491	0.365266938246601	0.38475154307293	0.306948752717816
Clostridiales_bacterium_1_7_47FAA	0.268854184520017	0.181757086964016	0.3917254831112	0.00800707250895694	0.40424874915279	0.453145774498511
Bacteroides_finegoldii	0.288630391380846	0.321859086077518	0.122959566350291	0.225590549164935	0.0455718838131417	0.19852235469524
Lachnospiraceae_bacterium_3_1_57FAA_CT1	0.0502404586318911	0.504600303405988	0.531902642866686	0.178830462268854	0.0954745796956268	0.647403130362973
Clostridium_bolteae	0.0685867986222636	0.00278994494953977	0.0414096845535468	0.0782716831718948	0.174504776175675	0.25076946402628
Bifidobacterium_adolescentis	0.0703170250210569	0.96412686377132	0.753910333419945	0.786327574994967	0.925594050867908	0.471311154804383
Streptococcus_gallolyticus	0.586441907227531	0.0293618911003016	0.653110792448747	0.391284401509571	0.204010649618785	0.3166836088785
motu_linkage_group_411	0.154049759021387	0.566451146167155	0.491911026175131	0.488050397524174	0.342171237186874	0.491630009234054
Clostridium_symbiosum	0.120495002444894	0.453532483544389	0.150661189725164	0.0700850563370995	0.550087818087697	0.250775630873659
Clostridium_ramosum	0.288735729851179	0.0306882253373407	0.100287174367755	0.433238706378174	0.106821392178361	0.162470302924264
Methanobrevibacter_smithii	0.35560873468387	0.505339348899586	0.531412020782587	0.423858285657858	0.424613737367875	0.427099270112961
Veillonella_atypica	0.012693708498149	0.0299455331556985	0.0490593640819814	0.0568225316728808	0.383569212539892	0.0629229162006982
Lactococcus_lactis	0.0164780153644459	0.340048685346883	0.531260128586398	0.129471319456468	0.410298744489043	0.226789821744779
Bifidobacterium_dentium	0.117420745294867	0.414583699091482	0.432759572839054	0.394370014154017	0.105104885970642	0.17603812115826
motu_linkage_group_230	0.116026162692661	0.644944965544808	0.478235026523949	0.313039551587608	0.445166858948125	0.495118204565097
Dorea_formicigenerans	0.143433043268046	0.84281539741714	0.666026579373619	0.0827379153853397	0.726844296178322	0.918597257420045
motu_linkage_group_452	0.275045982523329	0.518180031944386	0.456145890332836	0.0202023165080685	0.533536351790806	0.565330687661195
Dialister_invisus	0.228248031205658	0.0579893856522666	0.00367818210405968	0.500017197654714	0.0105539201677848	0.102659595323869
motu_linkage_group_190	0.432328124644749	0.446094105665934	0.13906731234245	0.229140854578234	0.737591265534524	0.651317031707455
motu_linkage_group_573	0.306572677760613	0.00640126478814684	0.680544310897041	0.195291735809851	0.410070530809783	0.243800871462389
motu_linkage_group_226	0.349016730099757	0.35104942554711	0.398156065681641	0.436477710610695	0.326269941992863	0.401660680346458
motu_linkage_group_379	0.463053860217458	0.142279122837183	0.0574561575656504	0.843760002350062	0.84803605155122	0.742459431742236
Megasphaera_micronuciformis	0.461982784292028	0.417182218916346	0.153840675177663	0.513529588240205	0.412813842231147	0.331384783608783
Streptococcus_sanguinis	0.403324086910493	0.451102179611788	0.309276734772751	0.38924185799617	0.398075348305714	0.338236100406461
Citrobacter_sp._30_2	0.485850694427348	0.74653671616461	0.882285938196735	0.867007133294102	0.26520306902108	0.818121197278974
motu_linkage_group_600	0.786632977536077	0.042642674728314	0.5857034500324	0.362619820354198	0.883300476560758	0.114204301929722
Lactobacillus_oris	0.206522143398188	0.144698037028961	0.273718286999758	0.101785461485919	0.318016909711595	0.353139935808122
motu_linkage_group_552	0.655709476775186	0.111869142692579	0.923530567182928	0.143388906401337	0.665555248932609	0.327382606057706
motu_linkage_group_389	0.191103894674461	0.456521281924173	0.44401965770784	0.445635910666111	0.244697646691291	0.400357537954699
Clostridium_scindens	0.237712453363504	0.415796950497919	0.508682545535597	0.405149860803176	0.455826693186382	0.323829690479677
Coprobacillus_sp._29_1	0.495262375279825	0.254198441688934	0.156158335178049	0.450599471312738	0.39710302666384	0.607024067749123
Bifidobacterium_catenulatum-Bifidobacterium_pseudocatenulatum_complex	0.125622872796404	0.450040571716056	0.0625331579342852	0.523212964213844	0.403054105252319	0.725416536991465
Lactobacillus_ruminis	0.291146007471598	0.522887487006228	0.0409973690946748	0.569177858474429	0.56278143880639	0.285824484602738
Bifidobacterium_angulatum	0.242176213033864	0.143997678546512	0.117355400144255	0.149539008740761	0.495490379916065	0.474638531415637
Streptococcus_anginosus	0.180678016163779	0.53566899382545	0.299747207654435	0.160569676556047	0.278583322701969	0.0820117275210309
Bacteroides_dorei/vulgatus	0.748331984041799	0.293596894833719	0.400856635859878	0.30537798265777	0.667088441207278	0.504194293143464
Veillonella_dispar	0.0527925833795003	0.0296432054363873	0.0209077914433445	0.0234705908594351	0.575540287749012	0.172494786497347
motu_linkage_group_414	0.247958631784274	0.754993144026867	0.821713339099855	0.149020950329566	0.853415367252983	0.72805012306708
Cronobacter_sakazakii/turicensis	0.00690456663700068	0.118137691670069	0.372547930876926	0.484694711108673	0.138174923150702	0.501261362151278
Streptococcus_salivarius	0.0169961063512858	0.211182916817068	0.314212475103458	0.0734219233386918	0.896640624550728	0.73950826851039
motu_linkage_group_70	0.0826498274692442	0.106587695639231	0.0385052318137525	0.00242621690407574	0.303126821123521	0.013293063883014
motu_linkage_group_566	0.168897394293357	0.10338673651168	0.4433056408299	0.312535299313941	0.218377893034262	0.439508765265928
motu_linkage_group_625	0.408310311899949	0.4466034543456	0.296532929199708	0.442515008907009	0.333727031747328	0.377191041758902
motu_linkage_group_696	0.51376202276986	0.775976994855865	0.824252024215689	0.628958193750439	0.61861390049317	0.531726170995049
motu_linkage_group_42	0.12731037740186	0.406108266156451	0.248087107834505	0.147930427070643	0.505168886240076	0.198584216085517
motu_linkage_group_233	0.243071029653134	0.452955101370353	0.410293944064741	0.412336517905044	0.323428861326383	0.534316286287445
Streptococcus_mutans	0.33140679704592	0.353220585786136	0.392865012764161	0.326686718394333	0.359247394928641	0.380566037629583
Paraprevotella_xylaniphila	0.229584554660417	0.202301945450408	0.467658875013728	0.296996920674727	0.456775678770565	0.242036429536342
motu_linkage_group_24	0.0918740189643271	0.0156910101466314	0.315204409952918	0.18911508804596	0.0506270725274101	0.428285177433507
motu_linkage_group_270	0.106239026897953	0.666954664374659	0.630472828510815	0.467416440250036	0.479574478463444	0.509879857742686
motu_linkage_group_288	0.516358335894061	0.174166550137767	0.982661877789599	0.979789780135954	0.759990625613731	0.486689565518058
Stenotrophomonas_maltophilia	0.50200101326288	0.504249883151958	0.4261518331309	0.437586979441285	0.368757195021391	0.306406511821416
motu_linkage_group_490	0.168633124910294	0.0292875588158944	0.873971957983271	0.556384941327103	0.0877811932156282	0.027518047325479
motu_linkage_group_502	0.166692421174361	0.576383687403629	0.709726967635755	0.568912328674656	0.450949927044618	0.591092520956262
motu_linkage_group_45	0.431211752409833	0.349758680327728	0.452542381277984	0.294155142694576	0.449208092046648	0.375347396903919
motu_linkage_group_636	0.466567452142776	0.505728019458806	0.371339478439806	0.445336730055195	0.431409611487151	0.268707538016948
motu_linkage_group_320	0.587009411460825	0.0319000548992117	0.763136964153663	0.909822505267078	0.275141318959307	0.692893223669684
Haemophilus_parainfluenzae	0.940935032595328	0.266091019061842	0.363452822276524	0.240834287202438	0.986075292477531	0.787173034967856
Bacillus_anthracis/cereus/thuringiensis	0.0157957959917584	0.210328780975985	0.919441887674947	0.479025392447601	0.186806580863785	0.785726423754517
Haemophilus_pittmaniae	0.288018347621441	0.20901281070916	0.2150770382489	0.369023085312874	0.3003883696101	0.416776939197723
motu_linkage_group_131	0.828493032009769	0.318911665375044	0.487917091905627	0.403371684139652	0.639653144395911	0.376940250697077
Bacteroides_xylanisolvens	0.22906890436194	0.968419414056246	0.632360688525879	0.29716500602824	0.955444969568045	0.844146325430929
motu_linkage_group_115	0.137484107188704	0.302010534117068	0.0665192672875928	0.813011602849101	0.792807465190681	0.0792342363952696
motu_linkage_group_701	0.458628772274714	0.417185731590499	0.357512925594931	0.343518774513112	0.368164230870846	0.323816135696901
Lactobacillus_salivarius	0.0588431921427377	0.200666065634471	0.504562432358145	0.238470843694419	0.0467729884376034	0.280142802275476
Bacteroides_eggerthii	0.497836790572194	0.355917435633932	0.133504740832278	0.054232780744999	0.978581472921633	0.00381941276204401
motu_linkage_group_383	0.399867114736973	0.594161447597648	0.703953562113593	0.69931418477663	0.699441579403269	0.139278910154626
motu_linkage_group_238	0.578231063836933	0.521424557047023	0.0379924239617161	0.392741419234338	0.45381611294601	0.169302917988489
Klebsiella_oxytoca	0.633807345316666	0.763716717268429	0.560506283785694	0.530583535303211	0.170231508140529	0.383577239440598
motu_linkage_group_398	0.392010671225753	0.421336472701812	0.373203914325198	0.331035482376956	0.391586053978018	0.378243661092601
Ruminococcus_lactaris	0.705226371103561	0.626112258043065	0.341836732285747	0.596828234017501	0.019885664288436	0.480407284289576
motu_linkage_group_385	0.504155382618997	0.269902983180306	0.287082104619058	0.518664826621354	0.539018423787781	0.398088748443541
motu_linkage_group_651	0.789532263344825	0.287278251954081	0.389666210056256	0.43785919292455	0.791928370313587	0.601892618483277
motu_linkage_group_145	0.548275991517992	0.549917561731085	0.481635883268072	0.452538487206523	0.521838062517163	0.137374897572243
butyrate-producing_bacterium	0.46489367173883	0.298781462481258	0.642583988844772	0.656580037000269	0.37325931978219	0.217445165676225
Eggerthella_lenta	0.0187622347316949	0.426867983426692	0.0411522498231146	0.00120006843265419	0.082067110537169	0.593410097445099
Bacteroides_fragilis	0.81738706237366	0.0799255497405726	0.0699076253401729	0.500738824467302	0.384618550042304	0.0137556939400209
Roseburia_intestinalis	0.684589001248707	0.334215481391435	0.867635537762482	0.81403532795289	0.0617900549664981	0.29742812986977
Bifidobacterium_breve	0.206753217031469	0.278400276176482	0.406035063605568	0.356828951019861	0.353583767743051	0.427824817277344
motu_linkage_group_301	0.477833240978894	0.652110403289659	0.359908307724197	0.320156309376547	0.856533128066771	0.708711969002757
motu_linkage_group_290	0.933201655220619	0.701998016672235	0.106180308190248	0.813059249209155	0.813601991088829	0.0959902971589183
Bacteroides_ovatus	0.540159975094605	0.531924333407769	0.327164005684912	0.0551301315767273	0.76912268354166	0.997443236509671
motu_linkage_group_151	0.576280609707109	0.215386968512488	0.657977365863383	0.33502926274917	0.863928057451711	0.111157791936965
motu_linkage_group_342	0.260239551914248	0.353618999992174	0.124398306822314	0.108344207975706	0.465133239757064	0.290422500920341
Enhydrobacter_aerosaccus	0.223941487557236	0.412115435365262	0.422539443391738	0.242686279165018	0.22074020075956	0.40827012259745
Lactobacillus_delbrueckii	0.430800205778653	0.411498008464713	0.384332132025792	0.412788286735841	0.307337641222954	0.28177697307248
Clostridium_sp._HGF2	0.3030088211048	0.0457959179011209	0.148031634199945	0.603192597473504	0.0129796948877372	0.592749380806337
motu_linkage_group_456	0.579163457575029	0.263264272016591	0.729281892570853	0.805778416968805	0.681835496798141	0.0385870611404803
Lactobacillus_plantarum	0.433117840390768	0.363275705991903	0.362921161230202	0.343972102460165	0.39617315980095	0.226213063617239
[Ruminococcus]_gnavus	0.877971367976033	0.0402433704543185	0.223661341482425	0.700239440557115	0.566898344658589	0.0634070883385156
Streptococcus_pneumoniae	0.249220963880508	0.399314506294676	0.357497893417913	0.113488504690358	0.4548222883637	0.42008480146679
Parabacteroides_merdae	0.772400658829107	0.570484445714226	0.438800936869774	0.567608801302736	0.392250374071702	0.415719550237927
motu_linkage_group_297	0.0929824137972165	0.250958266776938	0.326687476485276	0.213666595454048	0.514502916188359	0.363973730306975
Bacteroides_thetaiotaomicron	0.651312337993324	0.707439896228513	0.611817001885932	0.0384857255540932	0.760839855151726	0.970269575104614
motu_linkage_group_333	0.215505110487191	0.867777569495422	0.951861475350901	0.156944023319241	0.944305863713457	0.405485971483379
motu_linkage_group_324	0.237216820751811	0.0265309970593407	0.398561849229793	0.525030739646678	0.328211728684526	0.501145334930061
Haemophilus_influenzae	0.524556355235679	0.463905011671795	0.525835796458601	0.586232061632061	0.48747008283766	0.502285856969658
butyrate-producing_bacterium_SS3/4	0.26718634411598	0.263251262092889	0.897578178771411	0.356543879749253	0.0543641121779286	0.850921077750997
Lactobacillus_amylovorus	0.351011435864179	0.332177489743362	0.338822916792734	0.37704173379645	0.359168764932227	0.343448837092299
Ruminococcus_sp._SR1/5	0.63511453906896	0.092829592938521	0.561355170265556	0.416605758000001	0.688862653049684	0.123755747687433
Sutterella_wadsworthensis	0.0444518006460677	0.0826770667029384	0.0310024374268898	0.213795583642536	0.50764670662668	0.616175657041729
motu_linkage_group_498	0.180495006566047	0.491300223262796	0.121774217581667	0.0765383069031182	0.676164995742618	0.103474434497548
motu_linkage_group_672	0.586375722143486	0.626039728436279	0.232385720096324	0.575317447506691	0.2351428137953	0.421351243233304
motu_linkage_group_486	0.419917531640154	0.385692647796375	0.438337380530461	0.377003615969054	0.401510689987524	0.397566216863315
motu_linkage_group_646	0.191288440629031	0.200579448493615	0.196305506617134	0.881675173007454	0.518315971059621	0.946554222280738
Fusobacterium_mortiferum	0.419520089328954	0.511862012663744	0.411465825540924	0.46626870990216	0.141213974395611	0.299149136707126
Lactobacillus_gasseri	0.291153256862132	0.262160944151685	0.246750050569434	0.261487510730553	0.348390620059117	0.260769367474707
motu_linkage_group_51	0.334252850627978	0.353098775931292	0.3294058046485	0.33705366527841	0.392190836726458	0.356783782861082
motu_linkage_group_122	0.107336949660039	0.600506241250389	0.644409436563436	0.644482424337535	0.349790976414912	0.537082370987654
motu_linkage_group_268	0.01768030787695	0.614465459373422	0.375703557193401	0.161087714811219	0.433867017572817	0.228498376194841
motu_linkage_group_517	0.345167664283375	0.315808025834293	0.145954959844232	0.177908767254381	0.27661956241214	0.124157873390748
motu_linkage_group_562	0.331835250642006	0.232535245892115	0.527188917993988	0.519203281660432	0.50699168473375	0.374665483287592
motu_linkage_group_218	0.30590116012242	0.252611992516378	0.376910543430093	0.349135167953402	0.280559995455004	0.359530771253799
motu_linkage_group_47	0.44412235041691	0.351028758325185	0.283709958433535	0.178637533420037	0.472407264011283	0.496715889738745
Oxalobacter_formigenes	0.485248181225944	0.457777025789169	0.427284716011382	0.458904981123667	0.42696939043668	0.43642158751638
Ruminococcus_sp._5_1_39BFAA	0.488111964729792	0.460795157265856	0.488326175615562	0.441998707990705	0.486314416423548	0.0982721043519583
motu_linkage_group_258	0.624464871015845	0.495374298496348	0.693721105244995	0.594546139548409	0.48493883953949	0.796415447858304
Aggregatibacter_segnis	0.238528802135776	0.200871547294693	0.143520528994249	0.349837310196835	0.366101180515114	0.287709304275653
Streptococcus_agalactiae	0.350019949497166	0.42943213020419	0.437584161594192	0.472667918719868	0.397170007348066	0.342452513838992
motu_linkage_group_491	0.652229884995999	0.316847814442814	0.466571473716124	0.284587260116148	0.210120676312548	0.45990923344659
motu_linkage_group_346	0.302708619766866	0.686634196970066	0.710462004094755	0.54059347690323	0.476291057242686	0.0790518547260989
Anaerostipes_caccae	0.377747810004683	0.40134551500905	0.451501939229738	0.408395520663509	0.42743338772192	0.255494254569621
motu_linkage_group_118	0.463389287584962	0.407695565293075	0.670884539146408	0.607562237342129	0.155950563724919	0.852107745930247
motu_linkage_group_234	0.0767610649678003	0.125681629496387	0.215342614805366	0.00767807313345814	0.650606459682262	0.848995209155454
Blautia_hansenii	0.413756797230514	0.441838342556078	0.446665562612459	0.223118104890792	0.353298274965153	0.32235527423911
motu_linkage_group_592	0.714837104129189	0.00944018009150704	0.543639490537519	0.772142816339607	0.911890097331474	0.338437673819145
Ruminococcaceae_bacterium_D16	0.420148360326752	0.464697084624118	0.470448048238693	0.387954764829533	0.450261514409606	0.471657118306524
motu_linkage_group_712	0.169073832295927	0.97668198009164	0.462468448863939	0.496142148979833	0.544196946165298	0.822189464636926
Erysipelotrichaceae_bacterium_3_1_53	0.400188453646709	0.285355643197488	0.40585058092876	0.276916284768403	0.368502504090118	0.415740532668673
motu_linkage_group_212	0.254442182628678	0.922078018721785	0.986471457007328	0.614135507061902	0.329886268139971	0.106846454037986
motu_linkage_group_471	0.254048898421836	0.481078172267262	0.422717055888073	0.432601651595836	0.451464981435547	0.344668099969681
Bacteroides_coprocola	0.0279695674228783	0.00652925886428479	0.353483752067293	0.012867536308602	0.865778806456211	0.0234089848849093
motu_linkage_group_837	0.31068479660043	0.145997740183358	0.127031775500284	0.202449239224164	0.46357800692021	0.585497178686817
motu_linkage_group_585	0.432258725784271	0.516493652573412	0.447909554008105	0.677732854635068	0.592706276977178	0.439980985978829
motu_linkage_group_431	0.789527244473279	0.676158719832223	0.2452643750053	0.0136834652686195	0.796506028025755	0.36977154673449
Eubacterium_eligens	0.346430128328828	0.112770779113932	0.4744914561521	0.716303811411735	0.80809585301792	0.173942115336921
motu_linkage_group_136	0.381470695411482	0.312930068268353	0.366656485484327	0.41483072499565	0.429966875772593	0.379692265461111
Lactococcus_garvieae	0.42212437752549	0.358152942827124	0.381938525065193	0.211777896137387	0.29701579027015	0.38464134708988
motu_linkage_group_302	0.430738324737633	0.405892752885328	0.440534122545055	0.250799103769052	0.315225997942021	0.27653722258522
motu_linkage_group_786	0.342830236553271	0.478743154956988	0.297621060003804	0.165805382579807	0.468873270341906	0.455659460916656
[Ruminococcus]_obeum	0.738628606747234	0.0428065255857584	0.733872070890427	0.498655136381765	0.777379509520761	0.601141332550678
motu_linkage_group_622	0.388743871590016	0.383540166732373	0.349513236252497	0.387164332060672	0.451059709172036	0.409839885865429
motu_linkage_group_531	0.329781849967743	0.38818758958408	0.303649688701687	0.283711064107116	0.413228103811149	0.366509163318708
Geobacillus_thermoleovorans	0.466398646574383	0.303178641723353	0.496302261586831	0.220056533853923	0.392061870191682	0.521300191260401
motu_linkage_group_209	0.362065962152792	0.336035262914317	0.217733468134558	0.271304494571787	0.456932742026525	0.321095311785573
motu_linkage_group_158	0.0150469684265901	0.0514424275976801	0.035390630592439	0.22346842532025	0.744316668837126	0.806600354523822
motu_linkage_group_678	0.460328136146098	0.48702795048739	0.254644163622997	0.424829691671398	0.551825641037681	0.319065667468536
motu_linkage_group_386	0.413973773567917	0.280381109997552	0.484417530648589	0.455179047895566	0.530343525204379	0.544444938814275
Eubacterium_rectale	0.885599141530128	0.00292610530722692	0.932414170628585	0.797856566291064	0.200117977386652	0.151528434519046
motu_linkage_group_217	0.235528428961838	0.443588961646815	0.464802958730452	0.554449538252171	0.469599377449873	0.529713018669672
motu_linkage_group_277	0.280721141715879	0.912644201767661	0.801545491578538	0.835287681151807	0.934330400763066	0.140110806308734
Citrobacter_youngae	0.457351351583129	0.491696136171249	0.392501326965832	0.420291192142899	0.251468177063549	0.444081047863566
Erysipelotrichaceae_bacterium_5_2_54FAA	0.302852373291318	0.237141706196184	0.51399593101983	0.3411440387223	0.283913642599347	0.472408790895197
Clostridium_sp._L2-50	0.889451967478074	0.805490839390282	0.859367504300708	0.694670403193041	0.874513630192651	0.312112488396807
Roseburia_inulinivorans	0.345295433856688	0.258996303588242	0.911579065008901	0.625194496760464	0.992596795090873	0.400553080429905
Haemophilus_haemolyticus	0.595698905744613	0.361752627598943	0.605795900332428	0.615028314188541	0.499654529007241	0.544714800191165
motu_linkage_group_496	0.38361034082194	0.352629769589873	0.360884431372595	0.229630204316247	0.38281315749287	0.326530869162427
motu_linkage_group_451	0.255007278371757	0.361289990183506	0.469460568830832	0.443132339039771	0.378668979785603	0.322174574192001
motu_linkage_group_691	0.422049443126626	0.727258879759436	0.532302343525554	0.453024443427124	0.61325963443348	0.571161932999105
Coprococcus_comes	0.304806680571402	0.140088693431618	0.26370798501096	0.803737128046305	0.777725632493063	0.452122660471992
motu_linkage_group_617	0.454174284951142	0.376456592053553	0.430454687518272	0.339940301895581	0.406120886224342	0.407985030587824
Leuconostoc_gasicomitatum	0.462718658089463	0.366363249575022	0.365427526287437	0.373894409113563	0.380412882271089	0.483135788021962
motu_linkage_group_394	0.0906174165890852	0.890778864973626	0.769194487952255	0.380027013779409	0.0538068206628427	0.44851712046659
Streptococcus_oralis	0.449904712303099	0.444341737800847	0.415475975947424	0.408960189368394	0.435117178032396	0.418244767710854
motu_linkage_group_652	0.499328608544286	0.542621474778144	0.438289579386244	0.400118216245493	0.522943174001537	0.40534947097725
Mitsuokella_multacida	0.604686744179324	0.231061933492694	0.520117460611934	0.56381973923347	0.498271469903348	0.38274484247141
Actinomyces_odontolyticus	0.264175638703068	0.289886106862617	0.618344296842196	0.644369469405677	0.757505944328643	0.419100366752029
motu_linkage_group_391	0.00446543509293684	0.673257525966929	0.0177589109947875	0.148547252743232	0.194628824927004	0.947597840399616
motu_linkage_group_568	0.560330775346148	0.566925179872311	0.324340242337806	0.693048228761684	0.57310095044318	0.43563835500721
motu_linkage_group_559	0.362123974961965	0.144168256025346	0.971741460550311	0.771894944755149	0.773640984838875	0.683768482104285
motu_linkage_group_525	0.328774036330973	0.673799690805496	0.520642654475109	0.7335571159477	0.775697129335966	0.472483622595258
Dorea_longicatena	0.485451658414887	0.315343550481313	0.241917030335383	0.639011447420254	0.961770418551044	0.898496401084587
motu_linkage_group_458	0.33199955533018	0.510887464081051	0.365144755038499	0.336254212058924	0.3330724658099	0.462982767327369
motu_linkage_group_495	0.299350459803655	0.136359217803907	0.453877348902942	0.387722692971331	0.383511000898931	0.621593573899176
motu_linkage_group_550	0.712061877199949	0.480353415042649	0.829725896442922	0.0410082343995948	0.445627099630027	0.784263361794239
Clostridium_leptum	0.372166058111314	0.689443475976718	0.477435770846634	0.91484584252345	0.273762180172866	0.281088992158592
Streptococcus_mitis	0.314709416397655	0.333565476998142	0.52619751289648	0.240163652449566	0.365094104507809	0.467177158469616
motu_linkage_group_284	0.256404067324327	0.140039326009938	0.687794004106962	0.281468114598957	0.071552631788004	0.36962841340021
motu_linkage_group_327	0.455773666479381	0.784914272224947	0.498648365233459	0.881209833646795	0.595510059633809	0.183671115789868
motu_linkage_group_307	0.394547459755067	0.440123752214132	0.482645788214956	0.409625689252452	0.532322023377887	0.346598611122693
Streptococcus_parasanguinis	0.25745670429154	0.863442267568384	0.829730494370316	0.121774002881059	0.93168185367017	0.764947254432089
motu_linkage_group_586	0.544484014248446	0.535192159326608	0.714682669267349	0.34858974750936	0.849120775693143	0.523361315606694
Actinomyces_viscosus	0.0686276042236932	0.192057831547831	0.436293659711232	0.225329533945632	0.130337435744303	0.600626612190467
Fusobacterium_varium	0.372404909687514	0.426254335736106	0.442136517914192	0.427821516473386	0.442213993016689	0.29839038530312
Parabacteroides_distasonis	0.381212959198892	0.630544224761756	0.480491942558501	0.71045106013131	0.617423524789086	0.575473190718114
Lactobacillus_rhamnosus	0.429865632192469	0.42313463914201	0.393662986223363	0.368386564532939	0.359072013996345	0.42879644110925
motu_linkage_group_349	0.213486296380944	0.43189834800667	0.974494073954833	0.582007317525433	0.851651907408743	0.365914410564175
motu_linkage_group_644	0.310435924159075	0.361122738568981	0.401420537188836	0.32321723732954	0.233253890414456	0.445150786506511
[Ruminococcus]_torques	0.574013185176351	0.11486304826684	0.336155392903979	0.421723062549218	0.472170399247828	0.292513582455496
Streptococcus_sp._C150	0.439163214845555	0.392031380763233	0.435715562990723	0.421247613653198	0.348200249375878	0.324176897481983
Lachnospiraceae_bacterium_1_4_56FAA	0.729698692449271	0.594058076189166	0.223214335730962	0.774223363905695	0.611039709969346	0.486269356673896
Leuconostoc_citreum	0.457239591283952	0.414915515282994	0.255245069647921	0.428556397634644	0.538551506193203	0.519561186228637
motu_linkage_group_470	0.558364341600797	0.516183261153055	0.305562338419548	0.599361629084263	0.527282574947185	0.578203927921314
motu_linkage_group_548	0.465500607804957	0.403563516860736	0.465494101888151	0.437050378204377	0.42673936963071	0.451611898597984
Veillonella_sp._oral_taxon_158	0.772106062662916	0.574100081370564	0.619082426480211	0.603430129663358	0.4101777065746	0.299518061425532
motu_linkage_group_225	0.272246921587257	0.822741381845914	0.794279335308855	0.982830451288959	0.657926792721136	0.937147543343578
motu_linkage_group_404	0.275388997520433	0.319807051812271	0.461218444722183	0.427069874817759	0.323531809654211	0.378686582578078
motu_linkage_group_244	0.124852734115218	0.336184794286681	0.197515946036218	0.505827239625715	0.0940770747080745	0.3075689691252
motu_linkage_group_7	0.768287265433731	0.730780082326711	0.521719970675907	0.730572557955006	0.667118319741552	0.706754048463419
motu_linkage_group_588	0.951982514670841	0.0563367177024087	0.999256158435102	0.976732687807455	0.899881716505568	0.544201705839811
motu_linkage_group_430	0.336443356635139	0.343676008840699	0.290426116461293	0.156252953747402	0.461532320092114	0.388927467953861
[Clostridium]_bartlettii	0.553942724886792	0.856346169821082	0.718783019502078	0.654429229626357	0.484010223854454	0.511154629054661
Alistipes_sp._HGB5	0.479211452714199	0.013999729988515	0.240308388987466	0.258637913113297	0.0976961165804612	0.728901114958401
Granulicatella_adiacens	0.229209744784419	0.131063013401028	0.529652121342098	0.13280550870984	0.192606913396673	0.591363791134594
Streptococcus_infantarius	0.555947641802666	0.360785437142882	0.401653754222063	0.564648090566611	0.53628738003374	0.529314559125901
Collinsella_aerofaciens	0.0944630080555304	0.094721182755806	0.810462816585558	0.460826606371032	0.983114594454629	0.759235425630589
Streptococcus_gordonii	0.410186032880012	0.457964891630076	0.406739584640142	0.445766861131235	0.430386895257389	0.432976537374335
Solobacterium_moorei	0.462157893684876	0.422753780585497	0.443498915037555	0.39996650725331	0.4535078114138	0.474310395468302
motu_linkage_group_282	0.628538054973465	0.477073980294616	0.383423890846276	0.146786662531952	0.748324997930796	0.104122321442309
motu_linkage_group_450	0.208988016623696	0.220016673719864	0.864109169250211	0.557435681644383	0.93277293960793	0.107640303852246
motu_linkage_group_771	0.501456329825018	0.580820408625218	0.420035649518758	0.514237628746017	0.527481872845453	0.23467665822185
Streptococcus_infantis	0.61253160215232	0.35967555147119	0.793000112592195	0.454508057026763	0.421861736306381	0.613115347174154
motu_linkage_group_457	0.29997638691988	0.358572203334771	0.212644946604367	0.219690880634984	0.188890679329792	0.427573257174518
motu_linkage_group_463	0.442154689547525	0.361256533482434	0.366126191570792	0.239905364471625	0.484930757935035	0.378215000776866
Faecalibacterium_prausnitzii	0.572309760452276	0.746022025519765	0.923700850454107	0.0425413396471944	0.456898260484576	0.540532079895486
motu_linkage_group_508	0.595063898556099	0.746981380060237	0.155284217864356	0.667207163055398	0.887097883378276	0.133214084830071
motu_linkage_group_638	0.436899171305848	0.576997038157459	0.871209394041277	0.666351717571044	0.715890972136477	0.327250995291858
Eubacterium_hallii	0.351153318407273	0.037507751635659	0.837252073955137	0.293100727451902	0.642169316938392	0.52135153409487
Roseburia_hominis	0.906453186664422	0.105732741598909	0.253158037331552	0.774668822541494	0.365731279850579	0.925747042509058
motu_linkage_group_295	0.611618705930443	0.159803714667742	0.27608516823876	0.56075044183293	0.472430956318209	0.17850284604699
motu_linkage_group_265	0.171013695694621	0.245617905036837	0.523437892728343	0.52375088367133	0.149020698072139	0.930492394917619
motu_linkage_group_126	0.424252958123765	0.0867027265229683	0.656525884905503	0.433814641460077	0.531458449519787	0.0400108384034602
Bilophila_wadsworthia	0.854790432314227	0.026922380822017	0.348897029382872	0.405754558991237	0.626086690160499	0.2650518751993
Alistipes_shahii	0.95751755299961	0.335097353455799	0.15725658776437	0.687920006694723	0.614128662167175	0.517707650449058
Enterobacter_hormaechei/cloacae	0.189140827927271	0.31656965139629	0.140059082227759	0.326733244316334	0.442749508895813	0.281049401379242
motu_linkage_group_306	0.434863077102425	0.121194309231985	0.71213219140732	0.390441088279328	0.501951559532423	0.430528954627187
motu_linkage_group_504	0.463990499438247	0.46416113745718	0.394861302366854	0.374133861186066	0.474551745758818	0.459989980216396
Prevotella_timonensis	0.345353527493014	0.397049306980653	0.394406114178309	0.26567686628521	0.241883046400542	0.236711434395348
motu_linkage_group_177	0.55853334548875	0.481114234802004	0.462487762928673	0.57212262934033	0.506635076833168	0.425819859638683
Coprococcus_eutactus	0.531535885535493	0.491671638818643	0.626651970752404	0.691707789113748	0.677400160288106	0.530241768275101
motu_linkage_group_207	0.472872753600833	0.528044032264647	0.186543238517823	0.518998102967978	0.500583903467847	0.431183980149381
Fusobacterium_periodonticum	0.40651190871375	0.421180458218012	0.414683484520727	0.384232428794168	0.291013630519181	0.302623188472407
motu_linkage_group_206	0.837696171937542	0.869623892037934	0.627790796597202	0.747550394085029	0.50883677150555	0.73193885231565
motu_linkage_group_528	0.300616251870126	0.295240489129915	0.248603797520162	0.357818023221829	0.425311596828743	0.245134020656465
motu_linkage_group_551	0.292728624902563	0.274645438620984	0.954436304175854	0.934199689554248	0.333402371296879	0.174244722054312
motu_linkage_group_140	0.497387506561866	0.672690619083216	0.581906241818254	0.546859145719738	0.287492290496122	0.617780728848089
Eubacterium_biforme	0.374726225826284	0.790000677538434	0.453114611702069	0.566558327986486	0.702351958055128	0.637762542384855
Rothia_mucilaginosa	0.253656289271806	0.543213837264282	0.473441253210007	0.245094045843614	0.0704448306755298	0.605021632886854
motu_linkage_group_439	0.331515245563883	0.100830951461243	0.732563806113416	0.808644145048885	0.324865149832985	0.379404652623041
motu_linkage_group_415	0.0265902342308668	0.739854668694643	0.872562501559051	0.619396678460904	0.659771515307895	0.247344142738338
Alistipes_putredinis	0.613542537537924	0.229382841675061	0.342089383376485	0.507734392883	0.804868302315121	0.308041916727254
motu_linkage_group_134	0.111932470594229	0.404847570860844	0.409855757443749	0.373793633937025	0.119993135584657	0.882422386585815
Enterococcus_faecalis	0.413749799874277	0.373719595162861	0.47447960033183	0.459081818727066	0.336071088374264	0.451865321571808
Clostridium_spiroforme	0.445624265016675	0.438356472820202	0.395393568488151	0.372595906003497	0.280007585121642	0.485300836585877
Bacteroides_coprophilus	0.239675390978569	0.104839456539103	0.867335999290967	0.324649239990187	0.637253860987841	0.646888832439925
motu_linkage_group_357	0.450736573524065	0.478105157546534	0.456982055450748	0.455919716988048	0.439394034269986	0.44487846598425
Desulfovibrio_piger	0.217328648995473	0.449154520041667	0.283350157585972	0.203249081029462	0.390547223012887	0.252432307144834
motu_linkage_group_497	0.670805690380229	0.669937560069999	0.32212093784833	0.440087021312477	0.331603235012654	0.482120546959489
motu_linkage_group_120	0.442087502934214	0.367776121566899	0.459779328030386	0.413693274675712	0.4985693404682	0.303256925169846
Megasphaera_elsdenii	0.534337984091373	0.254645364892293	0.418199692086659	0.217923690978753	0.26617061540356	0.410896579441182
Bacteroides_uniformis	0.931572280018723	0.378686995057356	0.196904971265367	0.847464094600693	0.874843839649452	0.459018028192377
motu_linkage_group_168	0.42525828300355	0.524551688222894	0.875506843282995	0.788865500512337	0.0818691655894517	0.312138553090869
Turicibacter_sanguinis	0.342628528189687	0.357637856059812	0.284074966440164	0.209196158847165	0.453488786784467	0.168915884323735
motu_linkage_group_407	0.622355174187964	0.135937067308546	0.647327666290538	0.985220018501238	0.654218243002253	0.207791213235426
motu_linkage_group_529	0.355653677856782	0.419192617185803	0.425654414899705	0.202107988465257	0.393857984820752	0.343019414279802
motu_linkage_group_507	0.601702338748049	0.0471607047072177	0.896698902651495	0.975719183169839	0.665102477587113	0.260143614779853
Gemella_sanguinis	0.330249601380064	0.160630609510231	0.152770225226456	0.403042106581422	0.162668008767017	0.3037477163118
motu_linkage_group_104	0.353675857284581	0.962200123297451	0.111437777805432	0.916016759032334	0.779879514680947	0.973850982212941
motu_linkage_group_142	0.640078077157629	0.240038271840462	0.577516680074489	0.598784437087078	0.710314006073053	0.325659654570857
motu_linkage_group_253	0.344909374344637	0.469165358601525	0.522640498654138	0.514335205546097	0.54149025734054	0.258195544518707
Enterobacter_aerogenes	0.282180993227064	0.413997539135936	0.475041061616139	0.459097198848749	0.380297437753062	0.150161401935191
motu_linkage_group_281	0.960231343936481	0.413760512934491	0.655999693033294	0.939980518382527	0.979271512075617	0.981217029422183
motu_linkage_group_18	0.0494660112914348	0.0603060571977844	0.399536050815789	0.32747312816712	0.306676691070884	0.497695532793337
motu_linkage_group_703	0.510402379578929	0.62440165769762	0.499758780157177	0.24227863873381	0.312116864471882	0.609429938663885
Ruminococcus_bromii	0.487793026219549	0.215059089423443	0.936994843186432	0.450244315907177	0.848614598099573	0.0733327580882839
motu_linkage_group_260	0.778317221261548	0.144359037991778	0.630845353158066	0.871435339767548	0.546236936080985	0.184154504050664
unclassified_Lachnospiraceae	0.490920843926545	0.273758954158212	0.289895287747692	0.656748255893003	0.3727720277132	0.444665939700121
motu_linkage_group_3	0.28434051614456	0.256033391287504	0.349272487917605	0.409580829496395	0.232442233213796	0.281625227292924
motu_linkage_group_127	0.673753383467132	0.240398920519654	0.630255166674705	0.679532373379401	0.982265452034434	0.700687731374255
motu_linkage_group_666	0.584949226347664	0.250159456714724	0.15386930320418	0.157762147930305	0.601089327959822	0.488933247605804
motu_linkage_group_182	0.415815604360129	0.50339970244007	0.294293524993584	0.335969378537709	0.126693161890905	0.358971786287364
motu_linkage_group_613	0.366722316789514	0.471234806705089	0.358575843661876	0.36136754413433	0.30554536811203	0.343705605460322
motu_linkage_group_274	0.841710563994767	0.00945429232271744	0.906468666558409	0.488151906095549	0.963105876058029	0.827080177618172
motu_linkage_group_366	0.841930612964901	0.852240200905219	0.950780603507389	0.84227388182945	0.657282566809781	0.909898906685489
Bacteroides_clarus	0.107187936064999	0.303720185887501	0.0331208882236538	0.135097567683462	0.344239059172442	0.0943486105166115
motu_linkage_group_243	0.26553648576403	0.250777313138039	0.268385201591137	0.246447804265758	0.276402302399111	0.517039971674363
Capnocytophaga_sp._oral_taxon_329	0.33776273170821	0.677503428862611	0.454078663990093	0.794673665576633	0.146808536012484	0.803552086049755
motu_linkage_group_520	0.415562530518157	0.195086118430164	0.316447837039737	0.548043851861982	0.532671250818398	0.522777893486129
Campylobacter_concisus	0.374922453814349	0.390547250629889	0.384031300945652	0.392523017271133	0.380470617855855	0.35297373979591
Eubacterium_ventriosum	0.218602578842676	0.556573175155581	0.56728120452095	0.689830960118601	0.33025715417884	0.157022626585181
motu_linkage_group_164	0.476170519650639	0.353485152251128	0.449954808129386	0.522886123862569	0.245556911097742	0.457714782029607
motu_linkage_group_460	0.571979723136843	0.561929677431158	0.440146367651303	0.347975018189594	0.561068838782414	0.363135639273878
Victivallis_vadensis	0.484597565606503	0.522299351029135	0.43081631976516	0.466787606582055	0.519642005005921	0.406969901185061
motu_linkage_group_474	0.726628299646342	0.521068968635786	0.440511956536457	0.908082901568097	0.2791881276649	0.726147603907369
motu_linkage_group_634	0.440730937382689	0.4816313901236	0.328584231421544	0.622673892825507	0.507256128435459	0.307707545651793
Pseudomonas_fluorescens	0.363231128908717	0.399600659354922	0.411708212048425	0.336516709423232	0.400648260915649	0.405301706447816
Parasutterella_excrementihominis	0.38728124388106	0.33787113977537	0.686568757395972	0.839717081470693	0.864329142372195	0.287034071154518
Escherichia_coli	0.663948483814301	0.807927922207663	0.793999495056885	0.855059771375507	0.465487713651927	0.441474546349863
Klebsiella_variicola/pneumoniae	0.539656960572055	0.7950775752111	0.873326045031178	0.84713633313192	0.52004034665635	0.186074313037837
Enterobacter_cloacae	0.281209160475697	0.507960319431851	0.322258465642496	0.4154740660481	0.190765925000558	0.607879308939366
motu_linkage_group_325	0.178126357342149	0.650368992166695	0.438907693332357	0.420570816538808	0.257712651121853	0.581734456889647
Fusobacterium_ulcerans	0.384769302790735	0.402083510133698	0.341432322218413	0.430916858107284	0.41555758081806	0.333489045092035
Holdemania_filiformis	0.266733864839485	0.448593560504652	0.181972381903084	0.216812616303089	0.834394985324202	0.106292865535061
Odoribacter_splanchnicus	0.754772931006536	0.264379234201319	0.219010742183862	0.514326720008986	0.377165226743848	0.652112690127088
motu_linkage_group_176	0.267316093985331	0.65554915161777	0.30416912886628	0.862720998884401	0.245725549383632	0.322282441907046
motu_linkage_group_376	0.667346119616827	0.726114940644694	0.40293035279205	0.828568537895505	0.675860047811879	0.0618845438566537
motu_linkage_group_228	0.435304125620286	0.370287805822408	0.42176234276288	0.432921887757482	0.363660805967559	0.382464560334968
motu_linkage_group_308	0.375121955568568	0.63101493330329	0.953486900123129	0.293129961435759	0.913634593206617	0.817787714846741
motu_linkage_group_443	0.0981678782498813	0.0657181994374446	0.469296167972441	0.966773527359903	0.0580939014341993	0.018986969763552
Leuconostoc_lactis	0.52309219597853	0.366770772146548	0.44401965770784	0.279075817546977	0.483441709187311	0.145596188503589
Pyramidobacter_piscolens	0.573347209419465	0.490541811333237	0.44548075620698	0.505873276438186	0.572580782308744	0.526143870401183
motu_linkage_group_135	0.333655793270532	0.348880389979737	0.594496387462831	0.646148242930423	0.711332434795148	0.432874746709683
motu_linkage_group_103	0.134287381073157	0.0840536853371319	0.531047535479775	0.108718855155609	0.518209151704051	0.19292523042231
motu_linkage_group_536	0.813538829208846	0.854080866283407	0.601100027806942	0.397121636141547	0.498768004503583	0.950918795298308
Prevotella_bivia	0.419250607636017	0.296464284305605	0.41739867377989	0.118044506995577	0.121686055409262	0.373091798420478
motu_linkage_group_611	0.422120808924196	0.181872032738112	0.823197800952323	0.213276719722158	0.89657516934506	0.684142212583394
motu_linkage_group_280	0.420948348499134	0.36455355243007	0.406708779634295	0.461297535922282	0.45309704315264	0.281296360330002
Phascolarctobacterium_succinatutens	0.409302475205362	0.634903278601804	0.768086305542241	0.445153574497336	0.26949426583097	0.712202876965813
Lactobacillus_sanfranciscensis	0.127066125046067	0.608027696937677	0.415881514826155	0.205734131426173	0.521816580790106	0.480039705911595
Coprococcus_catus	0.737333587596707	0.256155397182621	0.192623912337312	0.907736707763141	0.840033958070392	0.753279026796943
motu_linkage_group_437	0.581115906005751	0.350238448925199	0.309532796518819	0.878604013607877	0.427203127092259	0.436403272583067
Enterobacter_cancerogenus	0.326927175453328	0.473170185807441	0.412356410747793	0.432143523838334	0.43515744457118	0.261149479659594
Bacteroides_caccae	0.229999125867674	0.320455532210936	0.235666203240517	0.483263859272497	0.280780827362195	0.584112795366673
motu_linkage_group_224	0.463342470243938	0.331128692790532	0.409642005151057	0.256592116321451	0.49873074989966	0.381891753070366
Streptococcus_thermophilus	0.643090036704887	0.287485845568815	0.775542506692726	0.678362547677658	0.789134888724171	0.0927704504602189
motu_linkage_group_241	0.931258933335862	0.282024049730538	0.849942344913972	0.595686527491305	0.856876126461964	0.741401138475911
Streptococcus_australis	0.617288406444048	0.525758357597434	0.0960318031662312	0.461645223373887	0.452967798278299	0.599527193574448
motu_linkage_group_574	0.337717340031526	0.439292779683231	0.388938519960909	0.433935023444094	0.395956058142828	0.446207957341533
Enterobacter_asburiae	0.387956107852312	0.452875384525547	0.27195482378388	0.412454626166832	0.433520356771298	0.262574372052805
Bacteroides_stercoris	0.628611973661267	0.723159246599517	0.298357454435234	0.190943010777324	0.941115016304893	0.213948508648061
motu_linkage_group_362	0.432324471803602	0.912464332122253	0.83118158934168	0.867408587688985	0.496871020706305	0.400199150207983
Weissella_cibaria	0.436298065744341	0.534724388916696	0.573762770670127	0.455522519799432	0.710465252475994	0.593902408150167
motu_linkage_group_510	0.81004066343794	0.532120231338787	0.301465274515772	0.0705643060260515	0.86858372395804	0.453977191301202
motu_linkage_group_289	0.112135427814196	0.719806491066748	0.754738956744687	0.430373543529534	0.680322869407692	0.259267766951885
Prevotella_copri	0.851989375985633	0.331720819144156	0.570207578594642	0.837948903390352	0.715573254927629	0.122154596462183
