	Speed	Hopkins	Wechsler	NAB	BVMT.R	MSCEIT
motu_linkage_group_113	0	0	0	0	0	0
motu_linkage_group_310	0.0291592921459169	-0.00203034730808138	-0.000484557840970115	0.0017105391330411	0.00280830408918529	0.0136454818311624
Akkermansia_muciniphila	0.00950842356349831	0.0047732111115274	0.0122786956901827	0.0121205400072434	-0.00301544840333196	0.000223529362789788
motu_linkage_group_273	0.0154136017550652	-0.00124256615838048	0.00274999063354689	0.0105475420345601	-0.00172356058430016	0.00410871746198261
motu_linkage_group_348	1.33544807030252e-05	-0.000571312011123183	0.0130182874793418	0.00730510076222114	-0.00123207573089556	0.0145757995828806
motu_linkage_group_63	0.0478820742738917	0.00591496925721945	-0.00170804141221136	0.00088838934472294	0.00571368626128658	0.00114292374874594
Eubacterium_siraeum	0.026286613465213	0.00640442263101586	0.0104898280319209	0.011009653691007	0.00608321573231093	0.0111941853059084
Clostridium_perfringens	-0.000321939563481656	-0.000988164966135068	-0.000949500247690649	0.00118445252040846	0.00156363984530782	0.000205079531594087
motu_linkage_group_192	-0.000735195800498712	-2.9606317568552e-05	0.00067634949774997	0.00152147831770176	-0.000948867491747114	0.000159987344881129
Acidaminococcus_intestini	0.00833695919140451	-0.000809028428225911	-0.000757142440856052	0.00300425861401471	0.00240713682098419	-0.000442196495697676
Lactobacillus_acidophilus	-0.000255533492354893	0.000276680862046716	-0.00019485552766434	-0.000213938114803575	-0.000120723173437572	0.000227192686673411
Lactobacillus_fermentum	0.0107237479133624	-0.00145140892269138	0.0030713973499182	0.00293279049533967	0.00232984068703974	-0.000847892964336709
Pseudoflavonifractor_capillosus	0.00580996507353706	0.00080116893334832	-0.00125915102468997	0.00420453003301154	0.00150872328999788	-0.00233407016097811
motu_linkage_group_49	-0.000250871080139373	-1.46532955344914e-05	-0.000220665309571683	-0.000235618331605743	-0.000240780287987212	-7.66966809453041e-05
Enterococcus_faecium	0.00856485123991025	-0.00340779039126797	-0.00417862034227101	-0.00335463889201104	-0.00234785757995829	-0.000983236130364376
Streptococcus_vestibularis	0.00281849479017064	0.00128173042099085	0.000852022529441884	-0.00170381193827299	0.00448520724838585	0.0049140825663249
motu_linkage_group_14	-0.00168209841852643	-0.00107755006889547	-0.00106143144380753	0.00203484320557491	0.000535844375340835	0.00447504985034489
Bacteroides_plebeius	0.00343419962617445	0.00466877307789975	-0.00139952293532152	0.00286401991516075	0.000508369446213663	0.00215380132295947
Veillonella_parvula	0.00563842160695032	0.0278995416682277	0.0163573738963196	0.0073044680062776	0.00767875979835067	0.02005256869773
motu_linkage_group_254	0.00102103497225448	-0.0011655697509356	0.0104017750469363	-0.00394589936682777	-0.00266396912817054	0.000581536015052931
motu_linkage_group_624	0.0104983868886308	-0.00141297732485773	-0.00219639578884268	0.00681641335614585	-0.00293785254288795	0.00121882115902572
motu_linkage_group_240	0.00680352511666438	-0.00146929260383234	-0.000591826624871471	0.00168096611841694	0.000720142869631461	-0.000741256936378888
Lactobacillus_johnsonii	0	0	0	0	0	0
motu_linkage_group_316	-0.00305557845132983	-0.00354193465129736	-0.00346104179935809	-0.00228927770076472	-0.00399192403598383	0.0116937960777457
Bacteroides_intestinalis	0.0104657833060665	-0.00256396038614764	0.0236182816513265	0.00847942918753304	-0.00403618364908688	-0.00158485382088844
motu_linkage_group_33	-0.000461412294614498	-0.000918361994679855	-0.000586864486156382	-0.000641514617911156	-0.00069596493199955	0.000554194297703346
Bifidobacterium_longum	0.0177804087103851	-0.000621599457162006	0.0100425361857305	0.00480584799703604	-0.00197126788472186	-0.00396391625974632
Alkaliphilus_oremlandii	0.00993040517194727	0.00035444323721271	-0.00207300837985338	-0.00159411203943069	0.000710385106923266	-0.00196680529017272
motu_linkage_group_481	-0.000371494344743755	-0.00062399726915856	-0.00011412919044705	-0.000688271951843942	-0.000156357323941903	-0.000189793480116061
Anaerotruncus_colihominis	0.0171740620017567	5.39174669780492e-05	0.00504769397924394	0.00120033802488563	0.00365986037740562	-0.00209668677331935
Butyrivibrio_crossotus	-0.000721375078574134	-0.000367398082582976	-0.000359138952372627	-0.00066109674921634	-0.000269487426057056	0.000134344077695769
motu_linkage_group_161	0.00085458685616042	0.00194455892331581	-0.000840333195958688	0.000563785545689558	-0.001216156923474	-0.00121918749141408
motu_linkage_group_565	-0.000325869310920452	0.000271918540998006	0.000199850969323825	-0.00016561554248415	-0.000632223096424513	-0.000170111439977687
Lactobacillus_crispatus	0.00917586036075414	0.00400331364296746	3.2870006119416e-05	0.0041709606650598	0.0056230689495835	0.00144701293403103
Bifidobacterium_bifidum	0.00606643104833506	-0.00233493603753242	-0.00293941778127459	-0.000777324025160374	-0.00124046807288349	-0.00222640174174399
Leuconostoc_gelidum	3.27700972862263e-05	-0.00035444323721271	0.00024614206203506	4.49589749353715e-05	-0.00016201882448932	0.000743288415987078
Clostridiales_bacterium_1_7_47FAA	0.00124213322010332	0.00288476764951981	-0.000222363759735908	0.0179079256844796	-0.000357240684542022	-0.000801501962792285
Bacteroides_finegoldii	0.00095609423068117	0.000550897306208085	0.00457349335398116	0.00198259088581669	0.00916993243665156	0.00251816883760235
Lachnospiraceae_bacterium_3_1_57FAA_CT1	0.00871115107464439	-0.00123350775750461	-0.00144401566903534	0.00295100720592459	0.00570129756597105	-0.00227305916684359
Clostridium_bolteae	0.00722893692838618	0.0234130356050104	0.00962371835699924	0.00661239951877245	0.00305258118633414	0.00155694595348411
Bifidobacterium_adolescentis	0.00711187707883223	-0.0047790391267968	-0.00298564226809703	-0.00320137874189802	-0.00429148402083099	-0.000958159013233757
Streptococcus_gallolyticus	-0.0018659306715955	0.0113111119436847	-0.00231109112934447	-0.000227026171951428	0.00239641327288849	0.000618768706888298
motu_linkage_group_411	0.00356954279220212	-0.00170497754132687	-0.0011277709090455	-0.00110375948613557	0.000301857888010524	-0.00112717145604636
Clostridium_symbiosum	0.00464719276993077	-0.00080699694861772	0.00368836769780908	0.00712566449781241	-0.00158828402416129	0.00155684604465092
Clostridium_ramosum	0.000954628901127721	0.0110931108696648	0.00548136492117609	-0.000629791981483563	0.00519455996403282	0.00336363068699811
Methanobrevibacter_smithii	0.000125285676819902	-0.0012394023786628	-0.00144025243631853	-0.000543137720163684	-0.000551463456262827	-0.000566483084185681
Veillonella_atypica	0.0155845790715972	0.0112139339519355	0.00880839567228238	0.00811339652567033	-0.000149863249784572	0.0076280061110903
Lactococcus_lactis	0.0142500634837378	0.000332596505688559	-0.00143908683326465	0.00434257073753533	-0.000415920472568781	0.00196743804611625
Bifidobacterium_dentium	0.00476235435165412	-0.00045118829068475	-0.0006168038331689	-0.000258064516129032	0.00526729359459493	0.003022841656988
motu_linkage_group_230	0.00481570566857742	-0.00225624117992332	-0.00101470741281914	0.000657366819443924	-0.000738592700827162	-0.00115557886761663
Dorea_formicigenerans	0.0038795599015898	-0.00360131380115644	-0.00239841144955228	0.0063564996940292	-0.00280344185930339	-0.00423593470957751
motu_linkage_group_452	0.00115015048767999	-0.00134070993551717	-0.000825946323979369	0.0131812387862742	-0.00146366440622932	-0.00169591914045101
Dialister_invisus	0.00191039010236493	0.00801435356903492	0.0219354838709677	-0.00120090417494037	0.0164881545589649	0.00537562807271698
motu_linkage_group_190	-0.000644811609406417	-0.000741323542267681	0.00403478492542222	0.0019184161119645	-0.00287447703970127	-0.00229963491647205
motu_linkage_group_573	0.000714581277917234	0.0190578763544932	-0.00249595577368984	0.00258077837306791	-0.000413722478238607	0.00167160799104151
motu_linkage_group_226	0.000199284819269084	0.000206444952314346	-0.000286771654198877	-0.000659298390218925	0.00049071888568348	-0.000323371590090709
motu_linkage_group_379	-0.000915830970905715	0.00393194543312561	0.00805678152019615	-0.00360517694270645	-0.00363498307794138	-0.00290874576948534
Megasphaera_micronuciformis	-0.000906672661196658	-0.000475899075427006	0.00359854965677153	-0.00130827286767491	-0.000440065107256295	0.00043826674825888
Streptococcus_sanguinis	-0.000371261224132979	-0.000785649761259517	0.000715047519138786	-0.000206345043481157	-0.000296462811018279	0.000357007563931246
Citrobacter_sp._30_2	-0.00110629050990971	-0.00293452224844829	-0.00391412835787344	-0.00378101648912034	0.00132086138065682	-0.00342540764885375
motu_linkage_group_600	-0.00319198731157818	0.00948621049958579	-0.00184228558107394	7.37327188940092e-05	-0.00390913291621395	0.00489952917962359
Lactobacillus_oris	0.00232494515421345	0.00385887877311953	0.00120453419587959	0.00541299397632993	0.000592625895536989	0.000186030247399248
motu_linkage_group_552	-0.00233783339369492	0.00498961364421632	-0.00428905290589004	0.00389694403856481	-0.00239711263472082	0.000486556017633909
motu_linkage_group_389	0.00265001519446838	-0.000833106457024632	-0.000718777448911202	-0.00074162326876725	0.00164752996224279	-0.000310516653553632
Clostridium_scindens	0.00174340913916052	-0.00046274441239036	-0.00126284765151799	-0.000364633938198061	-0.000832473701081097	0.000529949754182642
Coprobacillus_sp._29_1	-0.00118258755552225	0.00149823286251296	0.00353437488291934	-0.000785583155370724	-0.000286804957143273	-0.00199454664285506
Bifidobacterium_catenulatum-Bifidobacterium_pseudocatenulatum_complex	0.00446219491380782	-0.000776291633884081	0.00765721279332609	-0.00138380394556634	-0.000345551351058825	-0.00279524933498183
Lactobacillus_ruminis	0.000921259350842356	-0.0013773431743534	0.00967214083815185	-0.00172835620829327	-0.00168199850969324	0.0010286613465213
Bifidobacterium_angulatum	0.00166721200238116	0.00387989293103377	0.00477957197390714	0.00371517656804832	-0.00116520341854724	-0.000986266698304464
Streptococcus_anginosus	0.00288699894679438	-0.0014755202544345	0.000840033469459119	0.00340918911493262	0.00112234252910885	0.00639593038019474
Bacteroides_dorei/vulgatus	-0.00294128274616079	0.000917596026958733	-0.000313513918549324	0.000756243261357345	-0.00240736994159496	-0.0012287121335115
Veillonella_dispar	0.00847290181043132	0.011264021580308	0.0129920447591573	0.0124297245430212	-0.00177471390689329	0.00310892976825314
motu_linkage_group_414	0.00157079997835309	-0.00299097073920048	-0.00345234973087058	0.00373016289302678	-0.00367514642888364	-0.00281276668373443
Cronobacter_sakazakii/turicensis	0.0187392337825068	0.00474730142078687	-2.38116052435486e-05	-0.00107615134523081	0.00405619871866921	-0.00120520025476752
Streptococcus_salivarius	0.0140925072537976	0.00225797293303194	0.000651905136562886	0.00690896223862392	-0.00402143044471919	-0.00288906372934697
motu_linkage_group_70	0.00635876429424817	0.00520574975335007	0.00997636323521453	0.0241681798692027	0.000783851402262103	0.0152841865131401
motu_linkage_group_566	0.00317400372160404	0.00534259155187558	-0.00071238328358706	0.000663794287712462	0.00211433733384953	-0.000680079427522386
motu_linkage_group_625	-0.000419650402341197	-0.000745852742705614	0.000883160782452679	-0.00071374870430732	0.00040096745053472	-7.47651101703029e-05
motu_linkage_group_696	-0.00132895399614518	-0.00313204201166436	-0.00347053313851111	-0.00214967175785429	-0.00207840345684563	-0.00144418218375732
motu_linkage_group_42	0.0044031487933927	-0.000369529471024357	0.00160240447258543	0.00376190059903671	-0.00124286588488005	0.00251687002277089
motu_linkage_group_233	0.00165212576856951	-0.000801934901069441	-0.000405596559805844	-0.000434137183153706	0.000525487159633501	-0.00146399743567328
Streptococcus_mutans	0.00040446425969636	0.00018203389407166	-0.000233853275552725	0.000487488500077013	0.000109033839954375	-0.000109999625341876
Paraprevotella_xylaniphila	0.0018863453765106	0.00243631020027558	-0.000925322310058738	0.00086750839858629	-0.000840732831291447	0.00170121430861006
motu_linkage_group_24	0.0058717420353927	0.0144496480295064	0.000639349926525379	0.00271545548020764	0.00866426052893401	-0.000577473055836549
motu_linkage_group_270	0.00521137795095309	-0.00240487222076522	-0.0021564322555668	-0.000931283537105724	-0.00103462257356829	-0.00127397083494644
motu_linkage_group_288	-0.00134913558044951	0.00306500318459406	-0.0051549294602009	-0.00505745174195214	-0.00302314138348757	-0.00108664177271573
Stenotrophomonas_maltophilia	-0.00123643841661151	-0.0012307103101753	-0.000555792839034381	-0.00066935587942669	5.72810643621029e-06	0.000750348640199152
motu_linkage_group_490	0.00318069761342775	0.0113236338507778	-0.00384625695719323	-0.00163457511687252	0.00608418151769843	0.0116269570683418
motu_linkage_group_502	0.00323021909174545	-0.00177714502183424	-0.00269077799840978	-0.00172642463751826	-0.000789779326364692	-0.00188198269079465
motu_linkage_group_45	-0.000634620908421066	0.000221031641960045	-0.000794375132691419	0.000906006602308727	-0.000774426668997873	-5.53827965314983e-05
motu_linkage_group_636	-0.000945737014973836	-0.00124249955249168	-1.0956668706472e-05	-0.000738959033215524	-0.000614272809394761	0.00127720122055291
motu_linkage_group_320	-0.00186992702492309	0.01090241821005	-0.00304768565350784	-0.00414142095338004	0.0011723968545369	-0.0025788801052373
Haemophilus_parainfluenzae	-0.00440687872316511	0.00131313509755681	7.39991424491818e-05	0.00171460209225748	-0.00521643999850137	-0.00321013741627432
Bacillus_anthracis/cereus/thuringiensis	0.0144655335339836	0.00227475761700781	-0.00424805698133786	-0.00102912758774285	0.00276494365558095	-0.00320024644178853
Haemophilus_pittmaniae	0.000964619784446692	0.00230076721658154	0.00218740399385561	4.49589749353715e-06	0.000820118308709969	-0.000469571515991658
motu_linkage_group_131	-0.00347512894483784	0.000587497242099917	-0.00109503411470367	-0.000347249801223051	-0.00222250529724959	-7.21341775629738e-05
Bacteroides_xylanisolvens	0.00189560359505285	-0.00484924173358477	-0.00216942040388146	0.000865243798367323	-0.0046381343690549	-0.00361403552591594
motu_linkage_group_115	0.00406472427243474	0.000804599136621167	0.00736727735940954	-0.00338501117730071	-0.00324413972250322	0.00655448569846682
motu_linkage_group_701	-0.000877865614293624	-0.000475932378371403	0.000139239610522065	0.000288037166085947	1.20889688159554e-05	0.000530116268904625
Lactobacillus_salivarius	0.00795414184556592	0.0024701126888381	-0.00123001094834297	0.00175489865497733	0.00904454685099846	0.0011093210778498
Bacteroides_eggerthii	-0.00120323538104813	0.000151928032337159	0.00421258934555551	0.00833522743829589	-0.00502751239493962	0.0217388632872504
motu_linkage_group_383	-0.000337358826737269	-0.00190432896648475	-0.00265231309763174	-0.00262220723589724	-0.00262240705356362	0.0040271585511554
motu_linkage_group_238	-0.00180781703362349	-0.00136598687031417	0.010041570400343	-0.000241712770430316	-0.000814923049384104	0.00318819077591698
Klebsiella_oxytoca	-0.00219163346779397	-0.00304941740661646	-0.0016590860839484	-0.0014405521628181	0.0031578517935717	-0.000141171181297066
motu_linkage_group_398	-0.000259196816238516	-0.000515096640981771	-3.0771920622432e-05	0.000434936453819223	-0.000231555372389361	-8.57883847655681e-05
Ruminococcus_lactaris	-0.00266193764856235	-0.00212742539099738	0.000316944121822171	-0.00192634221273088	0.0132636968766001	-0.00103458927062389
motu_linkage_group_385	-0.00125352282708695	0.00125572082141712	0.00101290905382172	-0.00134846952156158	-0.00150525978378063	-0.000288037166085947
motu_linkage_group_651	-0.00321120311049501	0.00100478313538896	-0.000201516116543654	-0.000671820297312036	-0.00323814519251183	-0.00195847955407357
motu_linkage_group_145	-0.00159071513910224	-0.00158288894716904	-0.00104308152144501	-0.000802634262901769	-0.00137377975930297	0.00408703724518044
butyrate-producing_bacterium	-0.0009315166577165	0.000847559934892744	-0.00223945649594745	-0.00233723394069578	-4.22281334948526e-05	0.00214061335697842
Eggerthella_lenta	0.0135905319729081	-0.000566716204796457	0.00965389082462253	0.0279190571936441	0.00639319953875422	-0.00189846764827095
Bacteroides_fragilis	-0.00339859877861451	0.00651458877107972	0.00713522244285423	-0.00120669888726537	-0.000160653403769061	0.015110012113946
Roseburia_intestinalis	-0.00252766017675538	0.000401233874089893	-0.00379573639054363	-0.00339217131034598	0.00771675845790716	0.000869206848750515
Bifidobacterium_breve	0.00232028274199793	0.00113086808287438	-0.000364300908754095	0.00013744125152465	0.000171909798975102	-0.000573210278953788
motu_linkage_group_301	-0.00104025077117131	-0.00230483017579792	0.000112797072671188	0.000567815201961543	-0.00369865830762762	-0.00268418401541926
motu_linkage_group_290	-0.00432418751222842	-0.00263869219337355	0.00522506546110008	-0.00338534420674468	-0.00338760880696365	0.00567841844317061
Bacteroides_ovatus	-0.00153037020385565	-0.00144694632814224	0.000491151823960636	0.00825709873074153	-0.00308415237762209	-0.00581502712108534
motu_linkage_group_151	-0.00179392970581011	0.00217644732514913	-0.00234406104429708	0.000387313243332126	-0.0037551734042686	0.00501981941478401
motu_linkage_group_342	0.00137407948580254	0.000177571299522519	0.00452230672844363	0.00513248327567761	-0.000912800402965627	0.000964653087391089
Enhydrobacter_aerosaccus	0.00198895174819644	-0.000427576503107581	-0.000522056956360654	0.0016833306274691	0.0020699445089689	-0.000387945999275661
Lactobacillus_delbrueckii	-0.000630857675704253	-0.000421648579004991	-0.000146999196566466	-0.00043846656592526	0.000728768332230173	0.0010859424108834
Clostridium_sp._HGF2	0.000761305308905624	0.00914189135746964	0.00376426510808887	-0.00197110136999988	0.0154276889005449	-0.00189377193311104
motu_linkage_group_456	-0.0018144443195584	0.00135629571349477	-0.00282102581394478	-0.00333469042831749	-0.00250568023345364	0.00996660547250634
Lactobacillus_plantarum	-0.000652005045396076	7.09685745090938e-05	7.97938547741852e-05	0.000282808603815685	-0.000277546738601027	0.00197789517065678
[Ruminococcus]_gnavus	-0.00383699873865098	0.0097668544120157	0.00202615113708741	-0.00262833497766621	-0.00171207106848334	0.00759197232525321
Streptococcus_pneumoniae	0.00155008554693842	-0.000302856976342421	0.000139406125244048	0.00492530565858654	-0.000823715026704799	-0.000500876283724435
Parabacteroides_merdae	-0.00309823952310184	-0.00173438404122905	-0.000671820297312036	-0.00171693329836524	-0.000238249264213072	-0.000459514026783893
motu_linkage_group_297	0.00581685878302715	0.00155031866754919	0.000496946536285639	0.00220665309571682	-0.00131659860377406	6.63727681823669e-05
Bacteroides_thetaiotaomicron	-0.00230866001440352	-0.00267482588804383	-0.00202705031658612	0.0099883189922529	-0.00302880288403498	-0.00488647442542014
motu_linkage_group_333	0.00214787339885688	-0.00379127379599449	-0.00461369000786782	0.00350709977145854	-0.00449663015831387	-0.000360870705481248
motu_linkage_group_324	0.00175196799587043	0.011813153830463	-0.000290801310470862	-0.00139785778810169	0.000467140401050708	-0.00120426777232442
Haemophilus_influenzae	-0.0014123112659698	-0.000896948201432859	-0.00139729163804695	-0.00185117746722782	-0.00109986304164117	-0.00121342608203348
butyrate-producing_bacterium_SS3/4	0.00126731024606713	0.00135649553116115	-0.00404457599107481	0.000140605031242325	0.00832400434603424	-0.00366472260728752
Lactobacillus_amylovorus	0.000176738725912605	0.000425511720554994	0.000352078728160553	-8.04932166065132e-05	0.000109899716508686	0.000296329599240693
Ruminococcus_sp._SR1/5	-0.00220042544511467	0.00582944729600906	-0.00166534703749495	-0.000474866684150712	-0.00255233765855324	0.00454425336880097
Sutterella_wadsworthensis	0.00930321082012663	0.00635879759719256	0.0110371952260229	0.00220415537488708	-0.00126254792501842	-0.00205845499315208
motu_linkage_group_498	0.00289129502662154	-0.00112617236771446	0.00461618772869756	0.00671603828173458	-0.00246794799745232	0.00534012713399023
motu_linkage_group_672	-0.00186546443037395	-0.00212692584683143	0.00186916105720197	-0.00177284894200709	0.00181024814856444	-0.000512798737818407
motu_linkage_group_486	-0.000530049663015831	-0.00016571545131734	-0.000667624126318068	-8.00935812737544e-05	-0.000330398511358385	-0.000282841906760081
motu_linkage_group_646	0.002645952235252	0.00247191104783552	0.00256649140992178	-0.00389794312689671	-0.00134640473900899	-0.00454092307436131
Fusobacterium_mortiferum	-0.000526319733243415	-0.00129112185131068	-0.000416886257956282	-0.000921492471453132	0.00396148514480537	0.000846127908283691
Lactobacillus_gasseri	0.000921159442009167	0.00137328021513702	0.00162438441588717	0.00138004071284952	0.000230489678168671	0.00139839063521204
motu_linkage_group_51	0.000370528559356254	0.000183399314791919	0.00046400992427743	0.000363401729255388	-0.000237649811213934	0.000145367352291034
motu_linkage_group_122	0.00516502025235306	-0.00194915472964253	-0.00225191179715177	-0.0022555085151466	0.000214604173691507	-0.00148507819947631
motu_linkage_group_268	0.0138918903167526	-0.00204683226555768	-5.71811555289132e-05	0.00339540169595244	-0.000636752296862446	0.00193663282254942
motu_linkage_group_517	0.000243178099983765	0.000626428384099509	0.00382527610222339	0.00297285393744874	0.00115081654656792	0.00452996640565484
motu_linkage_group_562	0.000399335606259288	0.00186133486526878	-0.00140774876258747	-0.00135266569255554	-0.00125735266569256	-4.81893605418389e-05
motu_linkage_group_218	0.000723339952293532	0.00152364300908754	-6.98695773440069e-05	0.000223762483400564	0.00109390181459418	0.000114995067001361
motu_linkage_group_47	-0.00075094809319829	0.000206678072925122	0.00106033244664244	0.00295556970930692	-0.000974577364821267	-0.0011685337129869
Oxalobacter_formigenes	-0.00110136167413901	-0.000844029822786707	-0.000566316569463698	-0.000858150271210853	-0.000573343490731374	-0.000652104954229266
Ruminococcus_sp._5_1_39BFAA	-0.00112474034110541	-0.000870172634138016	-0.00109839771208772	-0.000709119595036196	-0.00109037170248815	0.00557228195937873
motu_linkage_group_258	-0.00212852438816247	-0.00115930879738905	-0.00258407536456317	-0.00191022358764294	-0.00107904870139331	-0.00327364613123858
Aggregatibacter_segnis	0.00172935529662516	0.00246584991195534	0.0038980430357299	0.000215803079689783	3.43020327284686e-05	0.00100228541455921
Streptococcus_agalactiae	0.000187928515229853	-0.000590427901206815	-0.000660797022716771	-0.00097580957376394	-0.000287471016031205	0.000307852418001907
motu_linkage_group_491	-0.0023147544532281	0.000613340326951657	-0.000916030788572095	0.00103865222984027	0.00227382513456471	-0.000860481477318613
motu_linkage_group_346	0.000765268359288816	-0.00253648545702047	-0.00269567353123608	-0.00151664939076426	-0.00100721425032991	0.00656510933772932
Anaerostipes_caccae	-0.000113130102115153	-0.000322905348869157	-0.000785216822982362	-0.000396171826541614	-0.000577639570558532	0.00148118175498191
motu_linkage_group_118	-0.00091869502412382	-0.00038494873427997	-0.00243111494094972	-0.00200167347295593	0.00353241000919994	-0.00367368109933019
motu_linkage_group_234	0.00670188453036604	0.00447395085317981	0.00218230864336293	0.0181252273966672	-0.00229667095442076	-0.00365023582647501
Blautia_hansenii	-0.000471836116210624	-0.000703291579766796	-0.000742389236488371	0.00202794949608482	0.000175106881637173	0.000548099858878773
motu_linkage_group_592	-0.00272424745752834	0.0170471444806614	-0.00153326756001815	-0.00310559947381348	-0.00415823894030031	0.000354643054879089
Ruminococcaceae_bacterium_D16	-0.000532214354401609	-0.00090374200208976	-0.000949067309413493	-0.000193256986333304	-0.000783718190484516	-0.000961089672340656
motu_linkage_group_712	0.0031695411270549	-0.005004366848584	-0.000880796273400522	-0.00116966601309638	-0.00154425753166902	-0.00345434790753437
Erysipelotrichaceae_bacterium_3_1_53	-0.000340522606454943	0.00103172521740578	-0.00036250254975668	0.00114855194634896	8.45894787672915e-06	-0.000459713844450272
motu_linkage_group_212	0.00146562927994871	-0.00426627369192279	-0.00526163209404752	-0.00204743171855682	0.000446925513801989	0.00519642492891903
motu_linkage_group_471	0.00147192353643967	-0.00104198252427993	-0.000523722103580483	-0.000623963966214163	-0.000794308526802626	0.00028227575670534
Bacteroides_coprocola	0.0115834967259043	0.0189549369533634	0.000184131979568644	0.0154678855544316	-0.00376949367035913	0.0124295247253548
motu_linkage_group_837	0.000661396475715909	0.00382018075173071	0.00443022408718711	0.00243054879089498	-0.000899479225206999	-0.00184201915751876
motu_linkage_group_585	-0.000644178853462882	-0.00132752196953613	-0.000753445814028033	-0.0024788713632144	-0.00189733534816147	-0.000684342204405147
motu_linkage_group_431	-0.00321116980755061	-0.00246654927378767	0.00164896198885184	0.0151541385152715	-0.00326941665730021	3.82983860560572e-06
Eubacterium_eligens	0.000228724622115653	0.0049538462819344	-0.000983269433308772	-0.00273460467323567	-0.00334927711796319	0.00307352873835958
motu_linkage_group_136	-0.000151794820559573	0.000662895108213755	3.92641714435578e-05	-0.000457982091341651	-0.000601018237524925	-0.000100907921521612
Lactococcus_garvieae	-0.000550697488541706	0.00012715064170611	-0.00012228841182421	0.00224341954633064	0.00086527710131172	-0.000152127850003538
motu_linkage_group_302	-0.000630291525649511	-0.000367431385527373	-0.000687472681178425	0.00154938618510609	0.000627727198930975	0.00116144018583043
motu_linkage_group_786	0.000270086879056195	-0.00102253360475233	0.000868507486918187	0.00327208089285194	-0.000944671320753146	-0.000823515209038419
[Ruminococcus]_obeum	-0.00287834018125127	0.0094676607595569	-0.00285163121984522	-0.00118994750623389	-0.00313960178004238	-0.00195318438591452
motu_linkage_group_622	-0.00022622690128591	-0.000143602296238016	0.000228891136837636	-0.000185197673789334	-0.000790745111752193	-0.000403132141920498
motu_linkage_group_531	0.000423979785112751	-0.000191192203780717	0.00078834729975564	0.0010510409251558	-0.000444028157639487	3.88978390551955e-05
Geobacillus_thermoleovorans	-0.000944304988364784	0.000789179873365554	-0.00116350496838302	0.00208489753100296	-0.000236350996382468	-0.00136365566420641
motu_linkage_group_209	5.41838905332218e-05	0.000379686869065311	0.00213675021542842	0.00123107664256366	-0.000842098252011706	0.000563685636856369
motu_linkage_group_158	0.0147134073491273	0.00858420025060466	0.010387554689679	0.00202148872487189	-0.00291900307635949	-0.0033443482821925
motu_linkage_group_678	-0.000892485606883719	-0.00109117097315366	0.00149646780645994	-0.000552196121039551	-0.00160120556658716	0.00058892926870897
motu_linkage_group_386	-0.000473900898763212	0.00110236076247091	-0.00106616046191184	-0.000825746506312989	-0.00143928665093103	-0.00154079402545178
Eubacterium_rectale	-0.00389721046211998	0.0231613985571499	-0.00438230115020044	-0.00328007359950712	0.00247667336888423	0.00366252461295734
motu_linkage_group_217	0.00178127458693942	-0.000718977266577581	-0.000900877948871655	-0.00162025485078199	-0.000950832365466512	-0.00142872961755731
motu_linkage_group_277	0.00106782560913167	-0.00417459068599903	-0.00331021276418601	-0.00354333337496201	-0.00438323363264355	0.00400128216335927
Citrobacter_youngae	-0.000866842339698359	-0.00112940275332093	-0.000230189951669102	-0.000509701563989526	0.00153643133973582	-0.000721175260907755
Erysipelotrichaceae_bacterium_5_2_54FAA	0.000763370091458211	0.00178107476927304	-0.00130487596734646	0.000315545398157515	0.0010461453923295	-0.000967450534720401
Clostridium_sp._L2-50	-0.00392824880629759	-0.00333432409592913	-0.00373119528430307	-0.00259143531527481	-0.00383813103876046	0.000676715830138332
Roseburia_inulinivorans	0.000241712770430316	0.00142243536106636	-0.00417209296516928	-0.00212382867300255	-0.00545548853337996	-0.000312448224328633
Haemophilus_haemolyticus	-0.00193080480728002	8.75867437629829e-05	-0.00198485548603566	-0.00205362606621458	-0.00119877278649899	-0.00154282550505997
motu_linkage_group_496	-0.000173841369750103	0.000188661180006577	0.000102073524575492	0.0019096574375882	-0.000142070360795774	0.000496913233341243
motu_linkage_group_451	0.00145660418201724	9.26487913112618e-05	-0.000940674967425557	-0.00071927699307715	-9.90762595798001e-05	0.000550331156153343
motu_linkage_group_691	-0.000549998126709378	-0.00280633921546589	-0.00144707953991982	-0.00080689703978453	-0.00204133727973224	-0.00173851360633422
Coprococcus_comes	0.000737660218384058	0.00399931728963987	0.00135486368688572	-0.00332056997989335	-0.00314193298615014	-0.000792510167805211
motu_linkage_group_617	-0.000839300804682394	-6.99361832328001e-05	-0.000595623160532681	0.000329565937748471	-0.000375490698071343	-0.000385181854890746
Leuconostoc_gasicomitatum	-0.00091296691768761	3.74991153905395e-05	5.25520462577898e-05	-4.73567869319246e-05	-0.000117226364275932	-0.00105726857575795
motu_linkage_group_394	0.00593485111502421	-0.00397903579650236	-0.00308858166922683	-0.000111664772561704	0.00837312618901919	-0.000760672552962089
Streptococcus_oralis	-0.000802001506958234	-0.000725704461345689	-0.000455284552845528	-0.000401633509422652	-0.000648141903846074	-0.000483492146749424
motu_linkage_group_652	-0.0012151578351421	-0.00152817220952547	-0.000667191188040913	-0.000315245671657945	-0.00138233861601289	-0.000359538587705386
Mitsuokella_multacida	-0.0019931812221348	0.00188737776778689	-0.00135286551022192	-0.00168925855157169	-0.00118764960307053	-0.000132579021642751
Actinomyces_odontolyticus	0.00131320170344561	0.000968549531885488	-0.00207254213863183	-0.00225474254742547	-0.00300658982012247	-0.000491584762237791
motu_linkage_group_391	0.0210255475212202	-0.00244713365720447	0.013812063159034	0.00374391700906256	0.00259286734188386	-0.00455387791973158
motu_linkage_group_568	-0.00167910115353074	-0.00170844104754412	0.000525620371411087	-0.00258067846423472	-0.00175709664930751	-0.0006449781241284
motu_linkage_group_559	5.35511345896869e-05	0.00387476427759669	-0.00491964415803912	-0.00310393432659365	-0.00311445805702297	-0.00251796901993598
motu_linkage_group_525	0.0004361353598175	-0.00245076367814369	-0.0013569617723827	-0.00284870056073833	-0.00312827877894754	-0.000968083290663936
Dorea_longicatena	-0.00110302682135884	0.000632289702313306	0.00170494423838248	-0.00221834242920002	-0.00472821883364763	-0.0040495381297899
motu_linkage_group_458	0.000397370732539891	-0.00128342887115507	5.56159171422743e-05	0.000372826462519618	0.000408760339523518	-0.000887023924002681
motu_linkage_group_495	0.000809894304780221	0.00411677677452658	-0.000806097769119012	-0.000190892477281148	-0.000149263796785433	-0.00209605401737581
motu_linkage_group_550	-0.00270626386755419	-0.00103595469134415	-0.00350999712762105	0.00967960069769669	-0.00074268896298794	-0.00319025555846956
Clostridium_leptum	-5.44170111439978e-05	-0.00255520171177134	-0.00100801352099543	-0.004188444710868	0.00119264504473002	0.00109576677948039
Streptococcus_mitis	0.000610076638400793	0.000408960157189898	-0.00140008908537626	0.00172599169924111	4.51920955461475e-05	-0.000922991103950978
motu_linkage_group_284	0.00143439111810473	0.00400084922508211	-0.00254447816367565	0.00108294514588771	0.00702858641489641	5.361774047848e-06
motu_linkage_group_327	-0.000853188132495764	-0.00319271997635491	-0.00118248764668906	-0.0038941465912355	-0.00191715060007743	0.00284380502791203
motu_linkage_group_307	-0.0002846069628131	-0.000687872316511184	-0.00105147386343295	-0.00040806097769119	-0.00145440618768707	0.00026012929868162
Streptococcus_parasanguinis	0.00141773964590644	-0.00375740470154318	-0.00351003043056544	0.00461259101070273	-0.00435475961518448	-0.00305937498699104
motu_linkage_group_586	-0.00156260745403153	-0.00147189023349527	-0.00272378121630679	0.000229956831058326	-0.00364304239048535	-0.00137967438046116
Actinomyces_viscosus	0.00722613948105687	0.00265321227713045	-0.000649074386289178	0.0019873532068654	0.00431159899924652	-0.00194955436497529
Fusobacterium_varium	-5.69480349181372e-05	-0.000561021401304643	-0.00070189285610214	-0.000579970776666292	-0.000712216768865077	0.000856285306324645
Parabacteroides_distasonis	-0.000149130585007847	-0.00215789758512024	-0.0010335568793476	-0.00269590665184686	-0.00207017762957968	-0.001769818374067
Lactobacillus_rhamnosus	-0.000622298818994334	-0.000531947930846436	-0.000241879285152299	1.13230010948343e-05	0.000110965410729376	-0.000582202073940862
motu_linkage_group_349	0.00218693775263405	-0.000613107206340881	-0.00497212959840812	-0.00182097169666013	-0.00366192515995821	4.53253073237338e-05
motu_linkage_group_644	0.00066459355837798	9.44804532530732e-05	-0.000319075510263551	0.000529949754182642	0.00184328466940583	-0.000730733205949571
[Ruminococcus]_torques	-0.00177774447483338	0.00487205425049642	0.000383450101782124	-0.000523155953525741	-0.000972579188157473	0.000935912646376848
Streptococcus_sp._C150	-0.00070665517715085	-0.000230123345780309	-0.000643812521074519	-0.0005186933589766	0.000232654369554448	0.00052568697729988
Lachnospiraceae_bacterium_1_4_56FAA	-0.00282049296683443	-0.00190359630170802	0.00203437696435336	-0.00311958671046004	-0.00202591801647663	-0.00108317826649849
Leuconostoc_citreum	-0.000865876554310858	-0.000454352070402424	0.00148690986141812	-0.000586764577323193	-0.0015017296716746	-0.00135010136583701
motu_linkage_group_470	-0.00166478088744021	-0.00132509085459518	0.000763270182625021	-0.00194419259092745	-0.00141580807513144	-0.00178956702009416
motu_linkage_group_548	-0.000936678614097969	-0.000344685474504515	-0.000906805872974244	-0.00066449364954479	-0.000571212102289994	-0.000788014270311674
Veillonella_sp._oral_taxon_158	-0.00309630795232683	-0.00176062676141354	-0.0020776707920689	-0.0019727665172197	-0.000414754869514901	0.000841199072512999
motu_linkage_group_225	0.00119144613873174	-0.00345574663119903	-0.0032598587122584	-0.00513058500784701	-0.00234595931212768	-0.00443019078424271
motu_linkage_group_404	0.00114512174307611	0.000576340755727066	-0.000870006119416033	-0.000573010461287409	0.000524221647746431	-9.04174940366915e-05
motu_linkage_group_244	0.00448943672232421	0.000377921813012293	0.00254084814273642	-0.00124736178237358	0.00576826978715256	0.000735229103443108
motu_linkage_group_7	-0.00307129744108501	-0.00282971788243228	-0.00136535411437064	-0.00282895191471116	-0.00240756975926134	-0.0026711625641602
motu_linkage_group_588	-0.00453632726803458	0.00815142848817121	-0.00613413593429329	-0.00499121218554735	-0.00404967134156749	-0.00153896236350996
motu_linkage_group_430	0.000344618868615721	0.000290534886915689	0.0009664847493329	0.00352604914682019	-0.000881895270565609	-0.000195954524829426
[Clostridium]_bartlettii	-0.00163244372843114	-0.00370282117567719	-0.00275108963071198	-0.00232274715988327	-0.0010713890241821	-0.00128406162709861
Alistipes_sp._HGB5	-0.00105167368109933	0.015029052656118	0.00173215274395447	0.00142443353773015	0.00559702604706539	-0.00281842818428184
Granulicatella_adiacens	0.00189307257127871	0.00428988547949996	-0.00142673144089352	0.00423110578264001	0.00263659410787656	-0.00188391426156965
Streptococcus_infantarius	-0.00164713032691003	9.81770800810927e-05	-0.000321373413426915	-0.00169531968745187	-0.00148457865531036	-0.00142566574667283
Collinsella_aerofaciens	0.00574465799957539	0.00573786419891849	-0.00337258917904079	-0.000874768440464743	-0.00513484778472977	-0.00302097669210179
Streptococcus_gordonii	-0.000437700598204139	-0.000845661667062139	-0.000371161315299789	-0.00074278887182113	-0.000604881379074927	-0.000620666974718902
Solobacterium_moorei	-0.000908171293694504	-0.000528384515796003	-0.000714115036695682	-0.0003137470391601	-0.000812225510887981	-0.000983502553919548
motu_linkage_group_282	-0.00215609922612283	-0.00100857967105017	-0.00013764106919103	0.00379546996698846	-0.00294557882598795	0.00531211935775272
motu_linkage_group_450	0.00227549028178454	0.00208869406666417	-0.00376802834080568	-0.00164233470291692	-0.00436641564572328	0.00516332180218884
motu_linkage_group_771	-0.00123210903383995	-0.00180911584845495	-0.000498511774672278	-0.00131383445938914	-0.00141734001057368	0.00182733255903988
Streptococcus_infantis	-0.00204716529500164	0.000110365957730238	-0.00325103343199331	-0.000819885188099193	-0.000525753583188674	-0.00203714110873828
motu_linkage_group_457	0.000801535265736682	0.000122521532434986	0.00223439444839917	0.00209175793754865	0.00271831953342575	-0.000570879072846028
motu_linkage_group_463	-0.000733430744445693	9.30151236996241e-05	4.4992277879768e-05	0.00173038768790146	-0.00107898209550452	-8.54886582659989e-05
Faecalibacterium_prausnitzii	-0.00176555559718424	-0.00293109204517544	-0.00429078465899866	0.0095016630657858	-0.000841798525512137	-0.00151125431377202
motu_linkage_group_508	-0.00192637551567528	-0.00293748621049959	0.00355845291171806	-0.00240856884759324	-0.00394050428983553	0.00422114820226543
motu_linkage_group_638	-0.000686273775180148	-0.00178157431343899	-0.00382411049916951	-0.00240284074115703	-0.00273110786407403	0.000488154558964945
Eubacterium_hallii	0.000175140184581569	0.01010934189219	-0.0035648803799866	0.000920393474288046	-0.00223958970772503	-0.00136405529953917
Roseburia_hominis	-0.00407121834659207	0.00524185014507595	0.00152021280581469	-0.00312258397545573	3.82983860560572e-05	-0.00430770255475212
motu_linkage_group_295	-0.00204090434145509	0.00343143548178953	0.00116986583076276	-0.00166674576115961	-0.000974777182487647	0.00296409526307245
motu_linkage_group_265	0.00312081891940271	0.00163780550247899	-0.00137870859507366	-0.00138796681361591	0.00372826462519618	-0.00435735724484741
motu_linkage_group_126	-0.000570512740457666	0.0061407965231726	-0.00233423667570009	-0.000635053846698221	-0.00144781220469655	0.00979066601725925
Bilophila_wadsworthia	-0.00366229149234657	0.0117404868057897	0.000235884755160916	-0.000370528559356254	-0.00212985650593833	0.00133251741119562
Alistipes_shahii	-0.00460779538670963	0.00039077674954937	0.00350433562707363	-0.00254664285506142	-0.00204736511266802	-0.0013356145850245
Enterobacter_hormaechei/cloacae	0.0026935088398503	0.000616837136113297	0.0040039130959666	0.000486922350022271	-0.000717012392858184	0.00109633292953513
motu_linkage_group_306	-0.000667857246928844	0.0046342712275049	-0.00270679671466454	-0.000218500618185905	-0.00121718931475029	-0.000598187487251217
motu_linkage_group_504	-0.000923823677560892	-0.000899146195763033	-0.000253901648079461	-4.9887810706064e-05	-0.000992627560684209	-0.000861180839150941
Prevotella_timonensis	0.000241046711542384	-0.000280377488874735	-0.000249339144697131	0.00131573272721975	0.00169472023445273	0.00179203143797951
motu_linkage_group_177	-0.00166601309638288	-0.0010422822507795	-0.000880962788122505	-0.00174973669859586	-0.00125452191541885	-0.000554593933036105
Coprococcus_eutactus	-0.00146546276522673	-0.00112920293565455	-0.00213008962654911	-0.00257178657808083	-0.00247617382471828	-0.00143279257677369
motu_linkage_group_207	-0.000998888514230764	-0.0014171734958517	0.0027799965864482	-0.00135106715122451	-0.00120623264604382	-0.000604215320186996
Fusobacterium_periodonticum	-0.000402266265366187	-0.000513631311428322	-0.000447724784467507	-0.000155158417943626	0.000947035829805303	0.000799970027350043
motu_linkage_group_206	-0.0035395701422452	-0.00380582718269579	-0.0021379491214267	-0.00294144926088278	-0.00127197265828265	-0.00283864307153056
motu_linkage_group_528	0.00079300971197116	0.000895249751268634	0.0015939455247087	0.000126484582818178	-0.000557957530420158	0.00164939492712899
motu_linkage_group_551	0.000899512528151395	0.00118551821462915	-0.00464819185826267	-0.00438439923569743	0.000404830592084723	0.00306616878764794
motu_linkage_group_140	-0.0011996386630533	-0.00244333712154326	-0.00181501046961314	-0.00156373975414101	0.000995857946290676	-0.00206961147952493
Eubacterium_biforme	-8.14590019940138e-05	-0.00322745494736053	-0.000799403877295301	-0.00170927362115403	-0.00264165615542484	-0.00220731915460476
Rothia_mucilaginosa	0.00147821779293062	-0.00153263480407462	-0.000974410850099284	0.00164306736769365	0.00710138665134731	-0.00198049280031971
motu_linkage_group_439	0.000403165444864894	0.00545525541276918	-0.00284290584841332	-0.00335457228612225	0.000507869902047715	-9.79106565259201e-05
motu_linkage_group_415	0.0118357665297083	-0.00289002951473447	-0.00383493395609839	-0.00208386513972667	-0.00235834800744321	0.00161286159712596
Alistipes_putredinis	-0.00205409230743613	0.00191728381185502	0.000314013462715272	-0.00126251462207402	-0.00332693084227309	0.000729101361674139
motu_linkage_group_134	0.00497652558706847	-0.000357240684542022	-0.000401367085867479	-4.62910927112343e-05	0.00467619963450018	-0.0039125631194868
Enterococcus_faecalis	-0.000471769510321831	-4.10958333853692e-05	-0.000983169524475583	-0.000859682206653096	0.00037319279490798	-0.000790245567586244
Clostridium_spiroforme	-0.000764269270956919	-0.000671920206145226	-0.000259230119182912	-3.36026708961406e-05	0.00110182791536057	-0.00107518555984331
Bacteroides_coprophilus	0.00170970655943119	0.00527991541052123	-0.00379337188149147	0.000512365799541252	-0.00220618685449527	-0.00226956235768195
motu_linkage_group_357	-0.000809294851781083	-0.00101720513364888	-0.000833239668802218	-0.000832207277525924	-0.000686873228179286	-0.000728302091008621
Desulfovibrio_piger	0.00211293861018487	-0.000768465441950886	0.00106542779713511	0.00241413043930747	-0.000221064944904441	0.00153010378030048
motu_linkage_group_497	-0.00243740919744067	-0.00242488729034756	0.000552928785816276	-0.000691935275727565	0.000426310991220511	-0.00104884293082562
motu_linkage_group_120	-0.000732831291446555	2.22796698013063e-05	-0.000857550818211715	-0.000447125331468368	-0.00119004741506708	0.000791610988306504
Megasphaera_elsdenii	-0.00148664343786295	0.00149110603241209	-0.000481160940641665	0.00212509418488962	0.00130614147923353	-0.000413322842905848
Bacteroides_uniformis	-0.00430743613119695	-9.32815472547967e-05	0.00255376968516229	-0.00363255196300043	-0.00384076197136779	-0.000852755194218609
motu_linkage_group_168	-0.000579837564888706	-0.00139023141383488	-0.00385864565250875	-0.00321862966709544	0.00640432272218268	0.000676382800694366
Turicibacter_sanguinis	0.000272418085163955	0.000132845445197924	0.00105517049026097	0.0022942731424242	-0.000812058996165998	0.00319791523568077
motu_linkage_group_407	-0.00211420412207194	0.00413029776995159	-0.00227179365495652	-0.0051947264787548	-0.00232101540677465	0.00232844196337509
motu_linkage_group_529	0.000124786132653953	-0.000494915056677449	-0.000551163729763258	0.00243757571216265	-0.000254401192245409	0.000301291737955782
motu_linkage_group_507	-0.00197253339660893	0.00900062026733939	-0.00403684970797481	-0.00497056436002148	-0.00239408206678073	0.00140811509497583
Gemella_sanguinis	0.000418351587509731	0.00340935562965461	0.00362855560967284	-0.000344019415616583	0.00335164162701535	0.000785150217093569
motu_linkage_group_104	0.000146832681844484	-0.00474926629450626	0.00500932898729909	-0.00419960119724085	-0.00315645306990704	-0.00495274728476931
motu_linkage_group_142	-0.00223372838951124	0.00173148668506654	-0.00178333936949201	-0.00194012963171106	-0.00269427480757142	0.000507536872603749
motu_linkage_group_253	0.00024614206203506	-0.000941873873423834	-0.0013725142474159	-0.00131460042711026	-0.00152390943264271	0.0014385539861543
Enterobacter_aerogenes	0.00104694466299502	-0.000445593396026126	-0.000987898542579896	-0.000859815418430682	-0.000116027458277655	0.00370155566379012
motu_linkage_group_281	-0.00464489486676741	-0.000443328795807159	-0.00233067326064966	-0.0044488071301604	-0.00504276514347325	-0.0051112359971526
motu_linkage_group_18	0.00878601609364788	0.00782912259230119	-0.000300459164345868	0.000477930555035197	0.000737360491884489	-0.00117645981375328
motu_linkage_group_703	-0.00130271127596069	-0.002115636148681	-0.00119144613873174	0.00169019103401479	0.000667224490985309	-0.00201139793271973
Ruminococcus_bromii	-0.00112214271144248	0.00218274158164009	-0.00443298823157202	-0.000782452678597446	-0.00363927915776854	0.00691255895661875
motu_linkage_group_260	-0.00313710405921264	0.00386903617116048	-0.00215899658228533	-0.00381575146012597	-0.00155954358314705	0.00283274845037237
unclassified_Lachnospiraceae	-0.00114755285801706	0.00119853966588821	0.000973811397100146	-0.00233836624080527	-3.7066177113384e-05	-0.000726403823178017
motu_linkage_group_3	0.00101627265120577	0.00146905948322156	0.000231621978278155	-0.000407628039414035	0.00185757163255196	0.00108810710226918
motu_linkage_group_127	-0.00245675820813508	0.00172535894329757	-0.00215493362306895	-0.00249086042319717	-0.00511333408264958	-0.00263079939555156
motu_linkage_group_666	-0.00185540694116619	0.00156327351291946	0.00359775038610601	0.00348478679871284	-0.00195641477152099	-0.00110509160391143
motu_linkage_group_182	-0.000491384944571412	-0.0012239165095184	0.000913499764797955	0.000376190059903671	0.00443625192012289	0.000121156111714727
motu_linkage_group_613	3.729929772416e-06	-0.000959424525120827	0.000127483671150076	8.74202290410001e-05	0.00075211369625217	0.000293365637189398
motu_linkage_group_274	-0.00356801085675987	0.0170394515005058	-0.00412450305762658	-0.00110459205974548	-0.00474840041795195	-0.00348938260503957
motu_linkage_group_366	-0.00356957609514651	-0.0036716829226664	-0.00459953625649928	-0.00359425357694437	-0.00234162992935613	-0.00415281056036367
Bacteroides_clarus	0.00517128120589962	0.000782053043264688	0.0107122250946012	0.00415627406658091	0.000277979676878182	0.00575651384778057
motu_linkage_group_243	0.00129238736319775	0.00155324932665609	0.00128386180943223	0.00162062118317036	0.0011539803262856	-0.00133038602275424
Capnocytophaga_sp._oral_taxon_329	0.000329099696526919	-0.00247554106877474	-0.000807862825172031	-0.00325826017092736	0.00379293894321432	-0.00332310100366749
motu_linkage_group_520	-0.000488987132574859	0.00258777199139119	0.000623664239714594	-0.0015725983373505	-0.00145707042323879	-0.00137514518002323
Campylobacter_concisus	-8.35237845466012e-05	-0.000215137020801852	-0.000143902022737585	-0.000239514776100142	-0.00011782581727507	0.000187895212285456
Eubacterium_ventriosum	0.00208872736960857	-0.00163234381959795	-0.00170887398582127	-0.00255933127687652	0.000442462919252848	0.00350953088639949
motu_linkage_group_164	-0.00102643004924673	0.000179069932020365	-0.000771562615779768	-0.0013812729217922	0.00163324299909666	-0.000841432193123775
motu_linkage_group_460	-0.00176319108813208	-0.00167184111165228	-0.000683975872016785	0.000236950449381606	-0.00166944329965573	7.54977749470275e-05
Victivallis_vadensis	-0.00109603320303556	-0.00137278067097107	-0.000598953454972338	-0.000925921763057876	-0.00135672865177192	-0.00037532418334936
motu_linkage_group_474	-0.00280061110902968	-0.00136322272592926	-0.000687272863512045	-0.00412543554006969	0.00111361715767695	-0.00280011156486373
motu_linkage_group_634	-0.000720709019686203	-0.00104657833060665	0.000473934201707608	-0.00210647783897194	-0.00125945075118954	0.000733430744445693
Pseudomonas_fluorescens	4.1495468718128e-05	-0.000305687726616129	-0.000419217464064042	0.000369729288690736	-0.00032190626053726	-0.000359072346483833
Parasutterella_excrementihominis	-0.000211373788085039	0.000358073258151936	-0.00253628563935409	-0.0035755373221935	-0.00375827057809749	0.00101171014782344
Escherichia_coli	-0.00239228370778331	-0.00335130859757138	-0.0032579271414834	-0.00368940008908538	-0.000915830970905715	-0.000697796593941362
Klebsiella_variicola/pneumoniae	-0.00152660697113884	-0.00326228982719935	-0.00384106169786736	-0.00363012084805948	-0.00135982582560081	0.00278915489615726
Enterobacter_cloacae	0.00106083199080839	-0.00126025002185506	0.000551230335652051	-0.00046410983311062	0.00267685736765202	-0.00200054117284644
motu_linkage_group_325	0.00294734388204097	-0.00229304093348153	-0.000672786082699537	-0.000512332496596855	0.00143685553599008	-0.00181501046961314
Fusobacterium_ulcerans	-0.000185730520899679	-0.000330165390747609	0.000321639836982087	-0.000608511400014154	-0.000466241221552	0.000413123025239469
Holdemania_filiformis	0.00127417065261282	-0.000763503303235797	0.00288430140829826	0.00214620825163705	-0.00353517415358485	0.00521967038410783
Odoribacter_splanchnicus	-0.00298314454726729	0.00133921130301933	0.0021126388836853	-0.00131453382122147	-8.33572698246184e-05	-0.0023050299934643
motu_linkage_group_176	0.00126534537234773	-0.00232807563098672	0.000781520196154343	-0.00374781345355696	0.00163044555176735	0.000548999038377481
motu_linkage_group_376	-0.00241466328641781	-0.00279874614414347	-0.000333928623464422	-0.00349497749969819	-0.00246591651784413	0.00770630133336664
motu_linkage_group_228	-0.000671853600256433	-4.62910927112343e-06	-0.000514763611537805	-0.000626894625321061	6.07445705793463e-05	-0.000129681665480249
motu_linkage_group_308	-8.56218700435852e-05	-0.00216112797072671	-0.00463533692172559	0.000919993838955287	-0.00417459068599903	-0.0034230431398016
motu_linkage_group_443	0.00556931799732744	0.00742472493849362	-0.000939276243760902	-0.00480921159442009	0.00800855885670992	0.013476569297183
Leuconostoc_lactis	-0.00140108817370816	3.3103126730192e-05	-0.000718777448911202	0.00111728048156058	-0.00106669330902218	0.0038348340472652
Pyramidobacter_piscolens	-0.00177298215378467	-0.0011199780200567	-0.000731832203114658	-0.00124772811476195	-0.00175333341659069	-0.00140122138548574
motu_linkage_group_135	0.000377622086512724	0.00023098922233462	-0.00190502832831708	-0.00226679821329703	-0.00270100200233953	-0.000619734492275798
motu_linkage_group_103	0.00416796340006411	0.00628296679280157	-0.00143745498898921	0.0051170307094776	-0.00134557216539907	0.00263759319620846
motu_linkage_group_536	-0.00337235605843002	-0.00368560355342417	-0.00195178566224986	-0.000285539445256204	-0.00119164595639812	-0.00459613935617083
Prevotella_bivia	-0.000523788709469276	0.000878698187903538	-0.000473567869319246	0.00475033198872695	0.00461418955203377	-3.15378883435532e-05
motu_linkage_group_611	-0.000550664185597309	0.00288210341396809	-0.00346297337013309	0.00221421286409485	-0.00402086429466445	-0.00252046674076572
motu_linkage_group_280	-0.000539707516890837	5.70812466957235e-05	-0.00037086158880022	-0.000878831399681124	-0.000808628792893152	0.0010928028174291
Phascolarctobacterium_succinatutens	-0.000429208347383013	-0.00218777032624397	-0.0030810885067376	-0.000737327188940092	0.00125602054791669	-0.00270739616766367
Lactobacillus_sanfranciscensis	0.00441164104421382	-0.0020019398965111	-0.000459147694395531	0.00236357656971347	-0.00137361324458099	-0.0010315253997394
Coprococcus_catus	-0.00286994783926334	0.00146712791244656	0.00264558590286364	-0.00412227176035201	-0.00357610347224824	-0.0029810464617703
motu_linkage_group_437	-0.00182829834442738	0.000215603262023404	0.000711750527643525	-0.00387299922154367	-0.000575508182117151	-0.000651938439507283
Enterobacter_cancerogenus	0.000458514938451996	-0.000975776270819544	-0.0004254451146662	-0.000619767795220195	-0.000648508236234436	0.00139249601405384
Bacteroides_caccae	0.00187891881991017	0.000568281443183095	0.00181181338695107	-0.00106432879997003	0.00109073803487651	-0.00183209488008859
motu_linkage_group_224	-0.000918295388791061	0.000438066930592501	-0.000399302303314892	0.00145663748496164	-0.00119134622989855	-0.00012375374137766
Streptococcus_thermophilus	-0.00225387667087116	0.00100188577922646	-0.0031316090733872	-0.00248306753420837	-0.00321912921126139	0.00583301071105949
motu_linkage_group_241	-0.00430423904853488	0.00107888218667133	-0.00365929422735088	-0.00191828290018691	-0.00370125593729056	-0.00290168554527327
Streptococcus_australis	-0.00207970227167709	-0.00139955623826592	0.00567698641656155	-0.000881828664676816	-0.000807496492783668	-0.00194179477893089
motu_linkage_group_574	0.000329632543637264	-0.000680379154021955	-0.000194122862887615	-0.000636152843863308	-0.000275382047215249	-0.000740157939213801
Enterobacter_asburiae	-0.000218234194630733	-0.000801235539237113	0.00123057709839771	-0.000435269483263189	-0.000633588517144772	0.00137048276780771
Bacteroides_stercoris	-0.00215659877028878	-0.00277913070989389	0.000858616512432405	0.002675092311599	-0.00445919764881213	0.00220755227521553
motu_linkage_group_362	-0.00064477830646202	-0.0041728922358348	-0.00352055416099476	-0.00378414696589362	-0.00117635990492009	-0.000308951415166993
Weissella_cibaria	-0.000680845395243507	-0.00146832681844484	-0.00175613086392001	-0.000828743771308681	-0.00269527389590332	-0.00190196445743259
motu_linkage_group_510	-0.00334861105907526	-0.00144844496064008	0.00081718764960307	0.00709386018591369	-0.00379134040188328	-0.000808795307615134
motu_linkage_group_289	0.0049683996686357	-0.00275688434303698	-0.00299120385981126	-0.000603515958354668	-0.00249562274424588	0.00142176930217843
Prevotella_copri	-0.00364187678743147	0.000430973403436031	-0.00173025447612387	-0.00356264908271203	-0.00272900977857705	0.00460160103905187
